These are the results for the simulations for all three cooling schedules, 

100 simulations, 10000 iterations, 1 neighbor explored per temperature change. 

size of problem, cooling schedule, a


51 logarithmic 0.005
[1659.01818284 1651.12082878 1641.33896948 ...  453.38554917  453.38554917
  453.36560427]
The costs of all minima of these simulations are:  [446.3863630565648, 461.1189489113522, 469.56616733625805, 462.08469485129956, 450.80269650086564, 454.967443566989, 453.8584430138714, 464.8325555687683, 459.7908575092428, 450.2342922881725, 459.0754918695242, 445.3106481746859, 452.50257055170454, 443.94068262444193, 436.25988425273715, 454.82796437378545, 446.43494641281086, 454.5268412513287, 453.12648217734176, 444.1062702409774, 450.9538593751852, 452.17243754309834, 449.4799964464514, 448.0317829917596, 453.8791724613043, 453.1937423121344, 457.40449584115015, 451.359531503743, 449.0537496843982, 447.50833357479536, 459.0302603764634, 454.69176764733805, 442.25458390182337, 447.9205871097113, 455.72671734979156, 446.3841943009808, 455.9629482493094, 461.02565842558715, 457.06573951628525, 449.59341970282554, 449.5747985235403, 448.8825108662204, 456.6701522119896, 438.238196588126, 458.328797344053, 457.1808384448418, 458.8452488923503, 452.62364059741566, 455.5654572209774, 446.3532940206564, 472.0363468127757, 446.2365112314763, 453.44841643001934, 445.2555996884386, 451.04631106685184, 445.55491857615834, 471.24698695261657, 466.1320878413122, 448.14872951564314, 445.2481125222567, 453.2478969775395, 450.9629500562907, 455.8760180568779, 445.50527676674136, 446.15006821451215, 467.61582848217336, 455.43529324148165, 452.8069523596666, 443.7814650087581, 446.44977040442325, 450.32168114784264, 447.4635325207865, 443.3614351681073, 451.48080557430904, 445.6345172172959, 462.10696718385367, 462.95354295968843, 461.3977743367512, 447.8569751166216, 449.04007651830267, 459.49777636749536, 459.7123092798546, 471.6070796345099, 443.35882948806056, 431.9159849164305, 448.9001245145667, 452.70355173100944, 448.1055538894889, 450.663348925625, 449.3620132854139, 446.88676858027327, 447.5147322689823, 447.5148502804478, 433.42669270913467, 457.01602701816086, 443.8163174468179, 473.73738657834144, 452.44955161795457, 439.1319156280005, 475.28675677348514]
51 logarithmic 0.01
[1661.98234926 1657.31031685 1647.03419802 ...  457.20017773  457.20017773
  457.26872624]
The costs of all minima of these simulations are:  [456.5427851128497, 456.6009405414249, 443.15529704096537, 446.46373854968107, 456.12191406547663, 439.88582159664765, 435.54872051292926, 447.7330692787614, 458.0672709462925, 448.95279899507676, 451.0754542161292, 469.52431378057906, 455.38645191607526, 453.0736805003087, 453.8417720697088, 445.4232462696583, 432.90558154988247, 457.46139201778084, 451.61956566165264, 448.60254469036, 452.8311935630952, 454.4481420315374, 451.73657258331383, 467.58499299011675, 439.8904432488888, 446.2115169463771, 446.3509707751256, 451.15156686086124, 445.5346701802501, 448.2436480607313, 447.0308734228097, 450.7351161661245, 461.72351926562476, 445.0096138557806, 430.8259274484241, 437.79329771453956, 446.1983717070992, 459.9094850597811, 437.6873631689098, 452.5404655881259, 448.6106434880984, 445.2961927905453, 455.95218870542266, 456.72998370926206, 447.74760133947626, 453.9738948148985, 449.5858571462965, 454.146717671269, 454.68679214366745, 460.7486414664373, 459.2540942539746, 445.6731598151272, 452.8093696478203, 445.9290836690979, 454.0511475998925, 458.0658158001622, 446.06223830341105, 449.9709020097131, 460.68384484730313, 470.63865669269416, 438.54546467989275, 434.57010686391465, 469.26951392142166, 442.95459479434635, 447.6818169898865, 433.2727458775679, 443.9401781902509, 456.2839354766822, 452.1726114726725, 444.6744983675423, 457.86385130544033, 449.00090536891776, 438.82354972265773, 443.8642294590776, 452.0255959991938, 447.53616417710003, 446.33798052922316, 456.3324551954694, 451.3886487950894, 454.5076836402442, 455.0283151265341, 452.8507156679999, 449.689197877237, 440.4353586128404, 452.15125621474573, 471.6360995576551, 447.33152387296184, 445.70376755932324, 438.2170829189805, 441.3852362805744, 446.78556176736953, 450.17128932602304, 456.87673589706185, 456.7733911132316, 436.1233275324843, 448.24953912693513, 457.7870466429012, 451.68005506521024, 458.0500949639854, 446.32978422735675]
51 logarithmic 0.05
[1656.36495049 1650.26725754 1646.4149456  ...  824.75634375  825.1030664
  825.963338  ]
The costs of all minima of these simulations are:  [754.7317340113556, 698.0778948355702, 688.6858636636263, 641.1277773037773, 735.7192747468899, 646.8964321460874, 625.796546804406, 687.7928419379058, 669.732643801147, 727.4589003520236, 708.8272528987127, 626.4861152505719, 718.0957337171659, 714.5999724231829, 679.9756552501445, 641.7704803524964, 669.4234699203711, 700.3848363807001, 677.7187373494315, 732.6851810391811, 746.1589498612988, 722.6187903874094, 684.0101484616395, 723.6678903273455, 663.0366053579099, 731.9715008620979, 646.0656492575392, 758.8937372913588, 686.6748929783954, 678.1507220022747, 680.0769479933899, 658.1943178257856, 662.8107092201864, 716.9939232146824, 704.5206991876902, 647.7036615519659, 717.1071657921535, 695.8726156351552, 666.3166498977953, 702.9091100758837, 651.6822206478273, 665.0479537290939, 692.4913664399905, 675.6474186753408, 651.8734055781642, 677.8027524833523, 744.4751470257397, 701.6524650639265, 694.2170975408037, 639.0784416051181, 680.7259414683161, 634.3376345085662, 682.4167943566714, 709.4026850627304, 725.2259158312675, 685.965210583847, 664.2091236149288, 699.6167636512763, 720.2133753422706, 700.0335506968526, 669.2424963704827, 657.4246754618148, 726.2846099171603, 763.1440290939219, 671.666257582291, 676.499967282438, 672.7338274425305, 722.7636817913751, 683.3522156612844, 666.3026985177985, 721.8244396529446, 733.950724933933, 673.8693204455233, 649.9470800939185, 642.213682706596, 715.9603892269042, 692.992485511155, 703.4079840858304, 661.7783855706286, 730.5542612561684, 682.7897414325406, 755.0772775092256, 682.5233228153613, 699.3984479141765, 726.4259176637634, 689.6333807154897, 709.39202886718, 683.1215940851037, 692.5914646187282, 701.1354443786819, 664.3175066988006, 684.1758137098726, 693.2604618474794, 678.8190479723999, 703.2777941899693, 685.3708977190327, 649.7448577864857, 691.5764991657456, 709.2328195153974, 682.3023210324977]
51 logarithmic 0.1
[1645.39507287 1642.23957639 1642.65662973 ... 1138.82654977 1140.03465534
 1140.45424307]
The costs of all minima of these simulations are:  [908.3680583487168, 871.4686882582142, 879.5947826640611, 893.6652073129777, 976.1623384532099, 945.7522937500247, 941.518784482116, 937.9725813898795, 869.1990292709139, 907.5631891177991, 915.3173351443227, 948.9096701719156, 888.5787488558532, 848.3517577717432, 900.8878226860079, 981.8850700907004, 919.525537976622, 963.6484446367473, 936.1638265247648, 888.3982966476361, 837.0678634981965, 925.9237655066895, 881.07912918943, 888.2669622695278, 910.1792863994785, 955.7611066677539, 952.0176890822811, 930.9631297077203, 859.1574066555085, 899.0463029889107, 901.0736110314022, 922.395216394924, 922.3997262196365, 920.7790794534615, 961.7422416068638, 982.7220497241378, 929.7855744789629, 878.1108149187628, 917.4876965832859, 942.7478261616857, 959.8066956564494, 889.711691991491, 963.3079478679766, 911.4525600536069, 923.9225970167281, 913.0287404264622, 824.069976075542, 952.6372872937675, 971.4726939331398, 943.8730917160494, 937.0588094853573, 945.3606822413166, 969.3788361458714, 899.9204203275565, 965.2355635871361, 903.648251642387, 948.8987175692278, 842.2415243862359, 863.6027164377304, 954.6139071096663, 921.4584235915213, 950.177020689405, 929.2741247141956, 890.0567524830046, 889.5890130432996, 923.5330152231272, 957.2549827494483, 954.7857626371235, 950.807019697227, 963.5865902147134, 854.923925501208, 980.8466531088702, 972.0938393486157, 936.4823931367803, 884.4008035679766, 915.8308951631691, 853.4847739228592, 954.4263336180993, 930.9220499818009, 952.9037115289572, 917.3052165219365, 915.3785187635795, 892.160382530258, 941.8370286560763, 877.7490007143721, 920.0092062910152, 894.9183180075519, 955.1164967375942, 953.4437548274886, 915.2789810161581, 916.714183744242, 871.0353842929359, 863.7367593965812, 929.8197264422388, 904.8751912982179, 882.6358846004238, 907.847794694776, 878.0730561234492, 953.5180798979336, 965.5734789281843]
51 logarithmic 0.5
[1642.34742274 1640.44808024 1643.13033971 ... 1553.71973831 1551.84418284
 1552.9738333 ]
The costs of all minima of these simulations are:  [1233.3722350551334, 1243.8441855114422, 1275.810048206755, 1284.784736736769, 1265.3538707557193, 1227.5804023685407, 1276.915175220789, 1140.754678155598, 1203.6988083017156, 1178.1812217363527, 1184.1870561085952, 1251.5589690769114, 1262.9016275985723, 1164.274381804271, 1263.8494116300044, 1279.257566656458, 1257.1771668102635, 1273.5938067198883, 1269.7897906744631, 1230.344175583819, 1273.3543930965582, 1242.5238712999478, 1274.0629905247379, 1311.1054994350577, 1202.771954943409, 1278.956870263233, 1271.861352305751, 1194.0024482409995, 1269.518019735163, 1230.7146935318908, 1259.122633646237, 1277.8376414063243, 1256.5512542610386, 1257.6874502536082, 1209.9559776753433, 1278.1959813112546, 1246.926972862618, 1231.8674699484213, 1204.247068972412, 1262.3934922557432, 1307.762770982043, 1231.8724209214984, 1209.6486105396011, 1231.3489257307926, 1296.0439149717686, 1245.0968305194433, 1233.7500631789317, 1226.3586291490722, 1255.0992133279822, 1219.089123978453, 1285.2553579917626, 1280.8213395537894, 1287.2643495465118, 1181.2028564909097, 1188.205517001583, 1244.4646764099846, 1192.8138363548956, 1219.2099072830324, 1273.2112178907587, 1223.9495966150955, 1239.7304527352155, 1226.365948831004, 1250.840980836394, 1220.910474400112, 1282.6828473343214, 1219.6125214601736, 1231.1411501362618, 1172.9930712061416, 1276.4864618218678, 1213.1705114077652, 1181.2553239432004, 1193.1560752294602, 1274.60365717024, 1246.9324859442606, 1233.1063754633303, 1185.3492377368975, 1285.5507630171835, 1227.1897089037402, 1227.4553069540161, 1169.1395495917673, 1182.0626688451077, 1205.0907029354385, 1188.4890848901096, 1234.3298101446417, 1285.8193364945041, 1288.4970142633074, 1198.3247520579407, 1173.6810740625672, 1188.994081068971, 1273.2796309059572, 1233.913856292126, 1186.1141832624694, 1245.4620517143255, 1199.8945034527462, 1230.6081079020494, 1221.1813794079878, 1256.707626181684, 1290.5803267455804, 1250.9905487720007, 1284.4917316517563]
51 linear 0.005
[1655.13685334 1644.55791643 1635.8826889  ...  461.84498346  461.84498346
  461.84498346]
The costs of all minima of these simulations are:  [477.9942535245677, 461.5056207851736, 471.1476622206465, 444.8896255245787, 473.96899377050676, 461.8004932454574, 459.38184884249154, 466.71957040926395, 455.5261501163369, 484.2127252369827, 445.65722977154627, 466.1573663555143, 448.05373979898104, 451.4151464646875, 452.6874066157632, 466.7046746349775, 465.68557477901896, 456.69829449401817, 448.76997129768955, 450.1013942058321, 462.1889947673653, 457.95556474117467, 450.7182129889332, 485.1962206054916, 456.7644032420099, 458.56485539346045, 456.1439429244399, 464.76619354282326, 480.93760587910964, 471.28452747098015, 469.41113510117594, 448.3764905520846, 472.1528303827906, 457.87154209163066, 480.06284692436276, 463.47049970462, 462.1599895468736, 455.59772380468456, 455.27640143285333, 466.429650294663, 463.61145747123527, 456.9642573066351, 482.97801671434354, 470.1637945169522, 456.06086208370476, 450.5207634725783, 457.18909922134895, 473.1982656004666, 458.1520342974923, 469.05342132681267, 450.9339737005012, 460.14164408483987, 465.8660959299159, 467.1582881326285, 474.519221392576, 446.9462777811796, 453.874295803182, 462.9036945042846, 451.01315856843155, 445.7738794940568, 476.57184788198714, 460.0238980956281, 447.7972717419544, 460.0796537354538, 468.6208112121121, 452.5237944999752, 451.4666846544903, 449.7939274881811, 461.278924194906, 485.581611911093, 459.4679882303135, 460.74003515717465, 448.78841795028336, 457.27652606584957, 475.3775835920694, 479.1250736869658, 475.01131791226976, 488.7900366270744, 472.15157827730707, 459.6972906695181, 458.1004071216514, 458.41122308330984, 463.27775011926747, 464.08214437996656, 464.8145467935578, 454.9353236695707, 458.0804108202782, 444.4453952422491, 458.09299211902857, 458.23638423541803, 486.99860326252383, 452.8420051090979, 456.1552598313311, 442.0115032353646, 465.5513187016858, 448.2755299817545, 459.9136108471408, 444.09108316497213, 476.8350514165779, 465.283096590271]
51 linear 0.01
[1674.09181107 1665.43017554 1657.01066635 ...  483.34727442  483.34727442
  483.34727442]
The costs of all minima of these simulations are:  [498.2049141576232, 504.40448983516114, 498.9516856780159, 485.93847990836167, 474.8845373226136, 488.16845226892474, 499.78723505757154, 466.82776041367896, 471.97549331781704, 500.0002502646924, 486.8048383236669, 476.460328968547, 479.4942287303012, 457.5557060015906, 493.6449173797469, 479.10425110730125, 463.05748060500775, 500.92386015110696, 484.0485297449935, 459.280689161323, 491.1776806618541, 489.1879071473838, 483.13654270530014, 529.9707528703636, 475.55318472842765, 466.149654605838, 487.2413837649521, 461.3215037589773, 480.23903203267395, 470.5258315544376, 506.4938448639589, 490.15031469853255, 499.7605729079987, 481.99614796310163, 500.8726429467272, 464.5956240924465, 493.5490184386812, 492.8691857744561, 492.91659573736075, 477.73559063205624, 470.90841055421305, 472.1311610237342, 461.14966381961506, 483.14762510838943, 471.52509435220014, 471.85771346666434, 487.2429602720799, 482.197877903857, 485.40832841853546, 470.6570861688994, 465.26265480116285, 488.3265756651188, 522.2449564858495, 466.7938641810066, 491.5412188909863, 460.0884112485359, 477.8546224035653, 458.634615504432, 462.8744620054701, 491.81539726185844, 492.8493308196517, 490.5458073087863, 485.5182544157237, 477.0705788203472, 478.4337724597358, 497.67343488740954, 506.50992021293905, 485.04694107136373, 469.0838689415239, 477.7671081022404, 492.4890071548562, 479.80072885648224, 464.943810849696, 488.1248117195458, 477.71949511769736, 469.6892721831763, 520.7899930430781, 486.09861177921937, 465.1567133869302, 493.37478873459406, 491.5185369978782, 467.1110922882462, 467.8248524295074, 459.1279275069318, 492.3713597378926, 476.41393468004935, 511.4032166886108, 506.62148057762136, 485.8479590456645, 464.2909814237175, 475.82173549851814, 490.89942255479644, 481.5500000124843, 492.588315606863, 515.2339727907859, 484.61092939575656, 466.312393047358, 497.1602605262787, 493.41858410403717, 459.14119348486986]
51 linear 0.05
[1660.89885021 1656.60969501 1651.75553225 ...  599.95397908  599.82703708
  599.70494154]
The costs of all minima of these simulations are:  [623.0167791139373, 642.8791828614134, 592.8678183049515, 608.4297428431769, 547.1799114122091, 570.3594727030804, 582.7485765792145, 613.7112334370362, 530.2361978319915, 663.1920069338469, 637.8730062049092, 584.8629734825455, 623.1918790762878, 591.2883119092444, 604.9911879931019, 570.3890563108389, 530.8815346443996, 695.6207082713669, 585.3130332491882, 574.1117823993349, 567.0289643847137, 636.3630165301432, 627.8135118384131, 583.1804700375949, 576.5622218940448, 594.0378560870797, 585.8242109952508, 595.4263911882572, 570.762592515579, 560.7848088429719, 566.0253081193925, 579.7610544519824, 557.2514510364006, 574.2497715238973, 651.7458613081251, 591.673998132812, 641.5595324157068, 626.1974454407634, 601.5063090502258, 582.7760863907489, 615.208467797896, 619.4500565659104, 622.3092306355362, 583.9864509679285, 599.8531105595952, 573.6111449620888, 610.0808495562328, 642.827601307738, 574.3729601458482, 645.6519041160399, 628.5210062770718, 609.4709191458932, 575.7696817747893, 580.8586349578901, 571.1995916863281, 609.9942810465449, 604.5732946516351, 621.833361627316, 570.0278021706129, 650.8863985350935, 568.0382853710336, 568.7012123803664, 597.1975178343514, 540.5539175704138, 663.0860310706648, 637.3549036850762, 655.161840167394, 582.0678675940718, 616.2480819192997, 579.2106151775839, 598.7395795940628, 577.8416211443424, 581.2886917369888, 616.9366907153632, 582.0363116688283, 621.7920172378829, 620.056698424534, 556.4015565766509, 619.3604371737, 595.1866835887818, 588.6600205966802, 561.4875567752915, 572.9806973228293, 585.0965159348084, 602.4874579060402, 579.700691963844, 591.4107512067941, 640.4989876681044, 582.9292928550357, 556.7768632616634, 585.015619750583, 632.523223747976, 598.4835819960964, 637.8854380211376, 702.892971918201, 600.0472920857861, 594.623565536253, 563.6084912823478, 641.3044444247619, 613.7089419105682]
51 linear 0.1
[1642.7360587  1641.58351891 1638.02754486 ...  685.31298498  684.69103815
  684.19158964]
The costs of all minima of these simulations are:  [729.9801105191632, 732.8245675010047, 662.7235929089783, 637.9546340530678, 639.4507650178601, 751.5256831807534, 673.4087607818498, 641.8800636269056, 643.0058640214589, 653.85253563783, 674.23817260697, 775.146917338845, 764.8281401487203, 759.5453618384329, 682.6053963331947, 670.6722840768612, 638.4741842104045, 611.5812724185757, 632.7672519501951, 741.1864860219893, 710.827566826059, 741.0706356280496, 600.5138122017241, 707.8147985362021, 670.3645531069333, 631.5996907110147, 686.0557259360951, 712.0073025542052, 737.781201459766, 626.464356007627, 607.0524274435722, 677.632593518895, 720.2436042674539, 676.3559260912541, 784.1856662744509, 642.7417406283183, 629.7204585958149, 642.6675910361835, 725.6756033654686, 655.0920086921436, 676.3775276803129, 712.4519102273471, 714.6260677599242, 690.4667227988554, 706.8618363941357, 716.2794277307847, 689.9842894751724, 659.417067315997, 631.2378294924284, 709.1062251280683, 642.6272680909508, 638.0455094539337, 689.3857414739784, 675.4890409478393, 598.1392960090981, 702.4882614175989, 699.6766059126818, 659.0173628206221, 677.3066784523455, 764.2354952243672, 722.5616801431898, 669.9251815396449, 661.5217774973651, 690.9470946712589, 698.0092556694957, 694.9443461789857, 671.4496907904461, 672.3078473901114, 639.1542908862232, 676.0803538108484, 647.5264008043987, 679.4442742389347, 697.2842878135629, 657.3475092527977, 758.6651159155471, 712.942734864578, 659.2474623834911, 669.9325392589078, 697.5710425716397, 734.5965551029549, 780.6584212213855, 691.2744518260556, 659.620217778043, 665.396690210177, 699.0110960925003, 708.8730880613332, 700.9161605199282, 744.2517537702184, 659.5536400858099, 663.3144653704028, 666.4463014324308, 679.3915746068675, 716.2785173008888, 724.0814071662064, 739.8833420227936, 634.8052728943741, 642.734910717803, 659.5671146611028, 655.9654194078676, 653.9644870148012]
51 linear 0.5
[1647.16326407 1648.62167772 1649.1342553  ...  948.18829746  947.29553187
  946.16830534]
The costs of all minima of these simulations are:  [1031.3823349868999, 1053.5362980997309, 794.8474415914139, 912.1234583054021, 1014.3779617791955, 1025.7853241824268, 976.2015010452131, 888.420161492362, 969.9714338852225, 938.7755839740458, 909.4364862702413, 1019.6336663610207, 998.0799433264543, 1006.3114461688551, 933.4862528002083, 952.6044977305081, 880.1847874376136, 901.169678357838, 1007.3805218583495, 899.3386062116016, 988.2504048436698, 889.7666984116665, 946.2427375964896, 1025.9164061593806, 861.6044027580498, 986.6896176646393, 1046.6299617028799, 1016.8621655590653, 948.6634751996608, 912.4101331741304, 1027.8269868375698, 893.7520147761185, 938.9184538786885, 876.3023033917473, 849.2512047306716, 912.5815497493109, 835.9588568632595, 976.3841734349752, 905.4728720846589, 1004.7552107396008, 993.2953187307894, 917.0052655036703, 862.142251779343, 945.9304794752122, 824.827043218475, 826.8331142713598, 977.1368444968995, 901.1294647708341, 971.8824659456286, 1075.946484233208, 869.6687729092874, 973.6812257757474, 1013.7291731472606, 885.7789137566723, 854.6669860797333, 940.7579631069764, 937.6700754644955, 991.8908628382577, 996.6183589134887, 987.8488039434484, 926.8617846513744, 989.5799938901304, 826.2256175137867, 994.7577953201024, 966.055063242848, 966.5310926679863, 997.8211501884588, 962.0394043070361, 993.4132214717162, 887.7516079322536, 959.2136121291711, 899.6884055033516, 923.8715055649403, 893.2719860479726, 1101.735630382639, 902.8666754632557, 1040.78511150322, 899.858086800399, 933.8048319359327, 917.3699549844116, 937.3458729762381, 948.7960503883544, 871.13263619974, 905.0750184934578, 954.9819010628976, 1072.5722003032445, 885.6092245574871, 935.9598192377615, 901.614387125948, 986.2320523883377, 937.5896518898717, 960.2894758848819, 963.7973849047594, 952.548068496503, 975.6342027013201, 856.7677614948593, 882.7403024830514, 898.5490540372973, 1105.151003233368, 983.6728047056163]
51 quadratic 0.005
[1656.51872899 1647.60609377 1638.81730187 ...  453.91256307  453.91256307
  453.87128232]
The costs of all minima of these simulations are:  [463.2887212069505, 453.3630745160438, 463.9376248896323, 449.0958578837926, 458.64730235876226, 462.3278148840839, 441.6647772866688, 451.0208067709764, 451.55660079141137, 469.6368175834068, 449.696303331398, 461.62869339110637, 454.29089043036856, 443.71531873297465, 449.35293384958595, 462.2164529505444, 451.1474660471693, 463.05398512214697, 454.42909203888087, 467.16118887526204, 453.0630281842437, 447.60891875051885, 448.8752227609564, 457.97200983187895, 462.21902094508937, 466.78772921338305, 456.2095842889757, 448.53656326923743, 440.45095671358763, 450.7327659214264, 443.26209779179027, 455.12445629462815, 440.7048159559455, 466.32430537795204, 460.2528813528676, 464.09629456557786, 454.1309156513602, 450.68706109528654, 449.0132280106988, 447.6869203456983, 461.48922055590367, 450.0923506717074, 444.659642557524, 455.88557422979454, 444.27438275012764, 446.33869861673037, 444.2980038725932, 445.2335295156973, 434.30452362948495, 450.7957629486401, 458.72353592689717, 449.716876788731, 445.04624495322844, 463.4838976489006, 449.43474856355584, 451.9789984400374, 467.9895422464861, 462.55423267770936, 451.40198978499683, 444.1986084582924, 464.2880781228938, 454.1694798927701, 461.009963144285, 456.35523426179384, 470.9025394936817, 446.31934706887216, 451.4452328766023, 466.0127541154921, 455.51314444652394, 463.12432070458607, 459.35173040301925, 447.8479081110451, 441.9287978075688, 452.2871785445031, 464.0355534521291, 448.9236235515171, 454.0349890651785, 452.4856796536221, 442.80093927973076, 455.70006801113016, 445.60543626269015, 450.7697478925001, 455.413708072827, 457.32863494214945, 447.6095518039438, 450.76832084105547, 460.76518973910385, 450.1502900309985, 455.8510004837462, 458.85288005134504, 446.85432134497745, 454.7586022662158, 470.341665305589, 449.9633327716907, 443.5992178182567, 459.27395045212376, 458.6085429848599, 443.27146240657976, 459.60856857931685, 452.2718206408095]
51 quadratic 0.01
[1659.79968217 1654.42894731 1645.5364818  ...  460.86426043  460.86426043
  460.86426043]
The costs of all minima of these simulations are:  [441.8561321937423, 447.59506587014357, 451.97429981711457, 446.61897267215306, 462.3287074051606, 449.8184507853517, 462.1062727386331, 465.0273167471287, 455.89568421759446, 463.9643208228776, 467.56023888345965, 466.2627032479301, 456.6847390801839, 452.430761029806, 489.12297407293863, 472.565053481674, 450.998844372068, 462.54457800760804, 452.39259420549394, 470.6944951747528, 457.02817827125773, 450.6428674751637, 454.1522949548066, 449.4136391261668, 462.2845510508757, 448.2253329481977, 473.7459993145441, 459.1291613108394, 462.4114962001117, 455.4355899096379, 451.43249450225824, 467.04764056990547, 443.04810014488834, 460.1610833366323, 454.3834100765454, 468.15218712140836, 451.3800157853933, 448.50717493278825, 456.47206055976073, 484.4830068893668, 462.51328591089816, 477.38970295881336, 467.7016124820241, 460.04189477952355, 466.34021710692264, 490.02945530436625, 459.07250197941113, 455.12489938124423, 458.08473144769255, 470.65713691559404, 447.76457846864554, 477.3999254522707, 467.94394701955844, 456.32030347403094, 447.5024645245577, 447.1338630572632, 455.9093845176377, 455.4520447707214, 474.28995196019275, 483.21500513841164, 471.6629916106808, 450.27765683194247, 444.1643197459399, 452.0462227592264, 458.9715713663916, 467.93873984002647, 455.01863457254507, 466.4033554744372, 476.1327647311817, 456.40334629035556, 449.76054530602556, 484.3007052669275, 456.98611564786495, 461.95943575005344, 463.28571011062803, 451.9466311052502, 446.15709909310215, 470.8105546813711, 474.76833966040124, 470.59825124845514, 444.16565905589397, 463.9459079454246, 458.91280538074375, 461.3946909448032, 489.09580715268413, 470.99969560618405, 457.13031425857764, 464.19739640081826, 459.9910011352859, 452.69293988237973, 465.33957944439584, 461.868702001159, 452.53395146211835, 485.99698639648926, 444.17991720237234, 446.9547387459826, 457.6352010654504, 456.5873176323955, 472.0666711759419, 465.271098794993]
51 quadratic 0.05
[1666.37820087 1666.72289622 1661.53466064 ...  488.04767871  487.84828435
  487.84828435]
The costs of all minima of these simulations are:  [482.9239419482263, 491.9794689156211, 479.11812915097755, 496.8625437306264, 485.9084668682581, 505.887749798187, 490.1442595529561, 503.32496506927316, 498.02431528203755, 491.85187074011077, 493.5269754373526, 484.2710075701349, 478.37220527044906, 510.66515845585803, 506.6371301402082, 496.9941488822192, 499.49103153265173, 472.4594663819687, 481.211807705774, 465.3841137087817, 506.2376202903847, 491.7315025946215, 474.8033588173539, 468.13918096970457, 461.704960056475, 477.4579031648855, 488.6839553494139, 478.046633641472, 486.83071471402076, 464.79230367912476, 476.3503193658562, 484.7010956063501, 473.04102189255747, 467.6829968608896, 493.03769247161637, 491.50016590374264, 497.77047740569446, 477.02399201865796, 500.4570747690492, 491.43830184644406, 470.2600091447878, 499.5512854138704, 501.5198793765362, 478.5204298917395, 486.6294263879802, 507.00364061711946, 481.45517044466413, 476.99190304112466, 480.1100778059533, 500.50039822767644, 512.0980358456993, 475.43316882664016, 479.1835834914214, 471.9019075047088, 509.5915535873169, 457.50505217862195, 508.4227288680251, 455.22732948426165, 479.8448038716927, 535.1767370311005, 522.3185759795867, 501.98455681696043, 502.6006898778867, 508.71207974191526, 489.5777123872463, 471.4272438498224, 489.47725383217227, 479.4474797894489, 497.39111903082573, 497.3406862971299, 479.6133913997612, 504.45328382724693, 491.8013941421983, 470.4307080980937, 464.6157220868416, 486.38690197717864, 491.8108007166034, 507.4024348744623, 472.2650418314304, 506.44258575058086, 502.59664479094806, 471.66513949770706, 495.1376498429665, 477.1431936034238, 495.01273630188746, 475.5449810210116, 477.7340531668782, 476.1872329887488, 480.70097906438485, 466.79808100388436, 485.6202943465013, 478.54434759560917, 500.69528248115387, 483.5857389970746, 487.5427476069976, 465.1201515976551, 512.6175254941493, 472.64520548775255, 506.80664439956934, 504.2329949179838]
51 quadratic 0.1
[1643.76205015 1644.97950941 1643.71869671 ...  510.20424596  510.20424596
  510.01761771]
The costs of all minima of these simulations are:  [481.97028773388416, 502.88656731195243, 517.4229593818794, 503.96427238176705, 513.7612175467522, 521.2579234167129, 511.15359129423166, 535.2061811100941, 488.20876358979734, 519.1559591070423, 533.9689195194964, 505.9342091862296, 499.22231285567767, 503.2014354673825, 538.1852070449467, 484.22640369386886, 505.641519078007, 532.2936567410111, 527.6880784778076, 525.6071047150368, 473.8021535895483, 519.8665993496877, 472.31426366552336, 511.67138035804913, 549.6898721135822, 496.1429836623601, 475.30183652288844, 508.61845832105763, 543.2861555728025, 539.8026255891319, 529.484635152605, 523.3688536877812, 508.29927637434355, 539.2259937503054, 497.63693951245125, 496.6245914150006, 522.5308506203016, 476.7502419071318, 524.8816792141721, 507.2084414371081, 526.0388679708793, 477.4977611264632, 502.9956060983888, 505.7165807135575, 529.4319232674686, 493.81984485082523, 483.4393347262382, 523.2785039933605, 510.0371668519958, 520.5847537651764, 506.1379799809015, 540.2859003743174, 482.3059954732865, 537.9901009694967, 500.16878747088805, 532.6832816678251, 493.8676444463808, 513.1821684626074, 507.7974886409472, 532.9058014898823, 517.8155776328658, 494.34416536304064, 519.0193375884876, 507.9433435006584, 514.2303174290414, 496.78826594811267, 491.3565861529877, 541.0223856102377, 476.2186240725681, 507.32480055886066, 508.00651423604825, 509.1879328830466, 536.1825585157047, 499.87128437218706, 499.32306414822347, 529.0931172202257, 559.275493956223, 464.7179338960806, 523.6997271775589, 506.54510901366865, 535.0772254514529, 505.3141462304025, 471.2785079705887, 500.6351520843915, 499.65878696709973, 485.74336336026454, 497.30988843107093, 524.0697774873425, 507.5988233077431, 503.61862930585716, 501.6582387431912, 515.9067227191745, 500.7067844551493, 509.5572985293377, 492.92891836544754, 507.7697183906845, 514.2169197326178, 501.31129404038046, 502.45726537517913, 535.3482765338528]
51 quadratic 0.5
[1654.79662908 1652.94640561 1652.06777739 ...  581.47290413  581.37856018
  581.21607095]
The costs of all minima of these simulations are:  [639.893505887546, 570.8502189705582, 574.5322878504356, 550.4320578757021, 597.1864505779688, 556.3454888790931, 567.9734046406828, 554.5557261553612, 588.1767810093814, 589.0196612343038, 613.0359647674859, 665.1368769996437, 594.4062705389954, 589.7355704430394, 575.284211716522, 591.0165320941318, 559.6767148698613, 575.1416587379979, 650.3032272787145, 611.7919202006368, 576.1915677768409, 519.5579369980305, 589.3446489534246, 590.4554703784002, 555.2349852073917, 600.0788964603025, 599.9678654969739, 596.3393144852249, 589.4586903248726, 566.2352897499283, 578.6477245399109, 579.5218098537141, 553.6866873347963, 596.1011994485403, 598.2693084513785, 592.2883523793521, 568.151635048905, 572.1951223228685, 603.7065822491336, 601.217126596755, 655.936932729734, 547.389048988217, 565.6721083615944, 551.0979339359894, 593.8618064243352, 568.5294700270799, 546.3723297167007, 612.4674218669586, 589.867500552991, 590.2975290596574, 570.2649919066109, 588.9922490397956, 612.0407041218244, 541.3836049022042, 589.115610727408, 607.56357202303, 554.8924960033954, 661.3888650298231, 602.6176108339325, 576.3190441256395, 597.0145122189713, 573.4548931569593, 565.4899643833339, 594.7473958579208, 588.0770698685853, 588.9968121136105, 553.2530260262141, 552.2169524643994, 585.963670003327, 552.8142887833754, 539.7234958116712, 553.2582843752667, 569.5744740831112, 545.8823687692325, 543.4203751563963, 614.3818114827977, 599.0454572041008, 610.2053626045646, 617.3524583263758, 553.1246791115698, 556.4756587137994, 578.9173970184721, 546.4971157413065, 524.0828506346774, 567.2714702639221, 571.0636253982464, 589.1717212115102, 548.4849077843836, 569.9335547226655, 555.0413482139106, 594.5092359775745, 610.2923236927925, 584.8230768901882, 593.1853997553497, 591.4705927802669, 625.1386164504659, 552.6320071061484, 544.9046411996488, 566.4131984979543, 586.0785304003704]
280 logarithmic 0.005
[33974.27823638 33943.95594299 33922.9425434  ...  9308.04468516
  9307.08916752  9306.85352487]
The costs of all minima of these simulations are:  [9326.285464962972, 9353.431969799542, 8914.595873242986, 8754.623159920198, 9162.168490460093, 9031.261705735129, 9968.051994608843, 9387.808029328722, 8647.9554388348, 9179.764803974072, 9363.10303080984, 8688.348630310184, 8709.946685965626, 9566.264758226545, 9526.28466155372, 9237.309783151573, 9657.049568315271, 9085.189285482533, 8450.92256529504, 9687.986884851854, 9759.92242895412, 9129.124155875725, 7965.356914610679, 8871.105422341265, 8775.423334243302, 9575.27346145549, 9214.378069220802, 9211.085448703881, 9804.988385887536, 9340.942209139568, 8845.551644051684, 8581.697555211846, 8938.135888489065, 9022.03554165059, 9215.473602301574, 9208.079384040973, 8959.763136477537, 9232.21554328408, 9594.586544179141, 9352.369591255969, 9899.04074635424, 8308.883388387098, 8956.6039381234, 9324.24551214057, 9256.703960017476, 9680.423755584081, 8982.764321453915, 9088.864037044692, 9519.470200196003, 9401.929321794232, 9249.237737695572, 8625.661970620022, 8454.951477773851, 9604.712354015091, 9034.763639925546, 9033.062935092312, 9420.937901638728, 8928.899759070076, 8785.214258597794, 9827.665298949432, 9319.119196527887, 9540.79707159482, 9313.936103527429, 9216.800953111717, 9579.17397279206, 8965.826344530764, 9637.447793851166, 9225.809706400049, 9191.689388169527, 9241.253012660807, 9580.98874942352, 9159.669196689156, 9402.39241723938, 9497.848562718287, 9617.893616941596, 8966.855285997852, 8771.274157566844, 9371.124319804641, 9584.550127149612, 9546.41136853746, 9405.029198433385, 9471.515593066213, 9328.873048660198, 9537.626345824649, 9141.823848165894, 8873.23388563582, 9688.355353778434, 9371.33496289478, 9265.557852876786, 9087.874894473085, 9290.680984926317, 9102.104405326343, 9362.685341629263, 9192.29706349523, 9270.745393746123, 9058.28353359772, 9085.491809174182, 9057.309889054513, 9340.184451352696, 9239.333809119633]
280 logarithmic 0.01
[34080.37580023 34063.32057214 34052.91777793 ... 14470.6228704
 14468.68801796 14466.58151824]
The costs of all minima of these simulations are:  [13465.17670616293, 14632.494592695419, 14222.717023577363, 13776.493176237855, 14401.726636721613, 14717.679203573016, 13591.900798712331, 13928.797784452297, 13109.446626059596, 13534.300146331185, 13682.450565856365, 13519.489881794245, 13123.444050619046, 13391.781699159865, 12957.057677291676, 13502.554057748466, 13729.679317289203, 12521.493739751959, 12870.144749312825, 13037.792593888433, 14751.106373055329, 13506.484316760603, 13610.832980907182, 13795.140739392924, 13859.422453626194, 13679.71631793374, 14047.146124810886, 14122.850302325485, 13292.736348754774, 14285.869745673359, 13391.806649629432, 13616.229471701135, 14580.15136364117, 14194.093878580863, 14063.927686270006, 13975.658127118308, 13345.963060160844, 15187.498254203552, 13778.275359582003, 14071.428489853239, 13997.840605748313, 14415.246266360493, 14224.944759026348, 14509.004214054441, 13290.975729175234, 14800.613718515438, 13168.37514042444, 12556.500512258935, 14283.01956755334, 13452.721161369125, 13904.104185964716, 14701.46408045519, 13299.950652508272, 13034.701054987348, 14310.19472034311, 13937.583434439925, 14634.34626345977, 14033.743836764314, 13715.51064992402, 13782.008684809578, 13225.689956558, 13425.23332687806, 14276.069177186064, 14014.780415527626, 13483.184584900555, 14108.807731840483, 14185.093176644243, 13388.340958009972, 13405.112865831612, 14378.562521038228, 13799.750985910166, 14483.149931760494, 13735.847941864013, 13064.169862474175, 13924.528238843259, 13843.326681017343, 13098.232475594134, 14408.296557249396, 13721.332190850968, 13788.389573047107, 14195.445792886187, 14518.49491807891, 14111.458090752862, 13908.435609078191, 13539.767205218119, 13385.34777659714, 14665.8660252875, 14390.570568438274, 13719.361318502415, 13694.498654891171, 13656.87858158747, 15096.646142303773, 13419.714925192027, 13682.519756488766, 14055.501605676667, 14720.345039437487, 14342.411667795648, 13141.239211189566, 14670.430452974591, 13846.782131670068]
280 logarithmic 0.05
[34043.26656643 34016.6182374  34025.16866992 ... 28513.00130148
 28506.26361771 28510.18051953]
The costs of all minima of these simulations are:  [25929.724462211598, 25683.70766569251, 26688.039865562936, 25924.06727427843, 26242.694226355663, 26410.47707806311, 26348.792076030713, 26249.301772448143, 26631.9974678031, 25955.044452584625, 26220.59203602538, 25924.346310041907, 25924.884792834273, 26541.840468125676, 27088.348833305638, 24878.09330150484, 27013.01414584224, 25417.65594534341, 25291.256883518003, 26064.7704124532, 26540.931176166745, 26640.31577262073, 25804.26770861421, 25818.7496336862, 24530.176465394943, 26084.59740632765, 25440.084187321965, 25819.2758701282, 25216.89184553867, 26459.984616162277, 26340.90442839441, 26055.140468873393, 26830.144270140125, 26644.165024614435, 25844.372032252053, 26505.751598159546, 26497.781561741664, 25579.531752950348, 24886.156842411572, 26203.979311098596, 26190.923764007322, 25760.165239353468, 26088.44997273561, 26734.098934814323, 25396.70351528923, 26443.15364205282, 25477.61361356811, 26394.107455689144, 26435.31469530379, 25945.924482634713, 25044.03441441976, 25791.965351470706, 25907.746079729317, 25822.266703056306, 25882.59441686631, 26318.640001116255, 25876.744978244522, 26336.784317156336, 26200.55673057736, 26605.762163336807, 26779.27080111841, 26268.95122268541, 26931.52039636713, 26105.405434650165, 25845.55600022855, 25037.486989917837, 26081.846812918127, 25943.492253970828, 26068.59422909538, 26446.171765784267, 26060.40492214577, 26568.702518789163, 25787.85119870054, 25594.81027510137, 26446.252947534456, 26677.943076035117, 25638.063123226777, 25521.90895797519, 26506.99325216036, 26072.57543279268, 26318.01001051017, 26065.943431816304, 25580.591192306965, 25557.92097377954, 26010.491082062596, 25935.897759331685, 25757.445261480967, 26469.063001903847, 26299.629944053504, 25910.99431068925, 25346.482419037187, 26726.44557646839, 26303.37990417588, 26453.483454974754, 25425.383589712244, 26863.21145403917, 26829.886677684925, 27224.17080643423, 25770.71431298923, 25542.144345073906]
280 logarithmic 0.1
[34121.87360176 34130.04018926 34134.01447958 ... 31249.57115353
 31240.64100248 31254.74360479]
The costs of all minima of these simulations are:  [27860.555169064377, 28817.421413047865, 28278.399257825964, 27876.039760453412, 28611.6536949734, 28315.900168516913, 28934.46494175786, 29296.97997133071, 28141.56255648628, 28769.138537319875, 28706.502845015002, 28499.833296603283, 28248.7939806202, 28650.87984558787, 29197.035597012273, 29362.181500941253, 27897.562679824103, 28343.100414405595, 28888.742505084654, 27934.175492050214, 28954.727746481047, 29483.670482959606, 28586.372690151264, 29756.91884754631, 28641.849332572037, 28936.85210495027, 28983.180857475036, 29029.482873047666, 28825.827806019464, 28807.211415414262, 27761.831356435116, 27788.377561971432, 28397.174835277794, 29592.245462456533, 28474.62051849494, 28529.632588784185, 28387.49891771574, 28132.953283202944, 27570.58540818428, 28635.86055784701, 28663.23163203255, 28300.144476902453, 28848.544464175167, 29182.068951642363, 28764.0796427452, 28224.407203430892, 29087.01289200909, 28110.65197121196, 28722.570693933678, 28617.99828927545, 28575.09749666721, 28223.744980164494, 28609.662053445507, 28941.77382479196, 28524.572767313668, 28555.67588580076, 29659.448812277707, 29155.1587497204, 27916.855894295342, 28360.492121007854, 28511.736904302492, 29165.601512495574, 28510.302611969186, 28896.811189921442, 28527.35221919122, 29864.430956043187, 28556.621424330307, 28899.495627455748, 28004.501415579776, 28869.274935518897, 28949.602505689018, 29121.08908199565, 28737.280838561484, 28787.869668549047, 29618.33378539894, 29314.627080811842, 28579.721559057736, 28696.204187562158, 28831.011525332055, 28027.26289851802, 27068.81611934288, 28192.439439246722, 28498.11545755187, 28785.932720098746, 27965.677139839536, 29340.41054462399, 28415.301855042075, 28902.075827667984, 28398.099290754875, 29887.279462607068, 29263.804637527024, 29156.63731334172, 29247.2878808487, 29424.954859256148, 28375.0588077582, 28300.144132660465, 28755.856509198606, 28539.81502881687, 27990.29752957617, 28939.009202667836]
280 logarithmic 0.5
[34202.29647103 34195.60425806 34195.26978506 ... 33523.24482639
 33537.81161931 33553.91025651]
The costs of all minima of these simulations are:  [30739.675813609963, 30148.185290970378, 30491.238531149906, 30389.451159172782, 30485.134472909172, 30675.053762766085, 31176.89208095347, 30396.814745312073, 31165.42303262554, 30823.641972925547, 30282.69576154512, 30208.875306299848, 30882.203312821377, 30938.202732255322, 31324.983575952938, 31187.665651937146, 30889.45572510276, 30794.420545805337, 30393.763244080583, 30312.031531863602, 30081.24771234323, 30502.92095811299, 30781.723881519556, 31272.626715474322, 30436.080197645515, 30089.051588186874, 30619.924313895168, 31589.723563873617, 30967.329991366172, 30161.613425534997, 30405.906817368417, 29834.623124713853, 31017.991302177794, 30675.212422397006, 30476.29206106629, 30078.882789838688, 30959.160728210136, 31228.78403406464, 30667.59640207302, 30638.237502136915, 31125.021428789023, 31394.07229207098, 30712.631722432812, 29906.38797220739, 30475.356948369295, 31217.508212808327, 31074.282339071964, 31284.19501643785, 29568.583283914373, 30667.17664686867, 30851.892155239617, 29748.52031650961, 30803.497302087235, 30569.12606855735, 30905.345904812326, 29669.030765960044, 30816.218164574264, 30058.446265866485, 31187.3949230952, 30324.325681982667, 30487.25530871035, 30574.020650081806, 31029.021188265782, 30190.295236476075, 30462.314979060342, 29825.382206012226, 30944.255195119647, 30821.229282420038, 30813.337489181587, 30804.97077569678, 30956.861769864907, 30231.627892397006, 30331.252429968205, 31557.55632604711, 30592.263406739563, 30931.63628372433, 30359.738676207548, 30470.824637906095, 30033.44840217281, 30882.363606515748, 30196.30508718994, 30431.64650372097, 29783.431557445983, 30345.2678329944, 30651.388225133054, 30763.40590486158, 30251.911047884398, 30486.712631474595, 29701.781029202182, 30080.91029343752, 30978.703004441977, 30153.943083871738, 31608.17865310583, 30957.0331296015, 30260.723176795655, 31296.406403707282, 30976.68382292906, 31041.53464870301, 30470.043341682307, 30686.929950824615]
280 linear 0.005
[34117.7346221  34101.86232205 34085.12443096 ... 12400.78444221
 12399.10310773 12397.98699627]
/home/nina/Documents/MSc/STSIM/A3/plotting.py:18: RuntimeWarning: More than 20 figures have been opened. Figures created through the pyplot interface (`matplotlib.pyplot.figure`) are retained until explicitly closed and may consume too much memory. (To control this warning, see the rcParam `figure.max_open_warning`).
  plt.figure(figsize=(5, 5), layout="tight")
The costs of all minima of these simulations are:  [11955.479859947505, 12038.416775220567, 12909.50017652059, 12566.139036985109, 11884.331942496623, 12382.217604624659, 12356.692007901725, 11765.444533548201, 12840.810396411462, 12675.693671482515, 12315.291159540733, 12207.505024244849, 12918.5085902702, 12611.967536832668, 12516.262150153503, 12678.766694240087, 12682.668640171552, 12399.348491154475, 12609.863454714778, 11916.479476705232, 12899.48212879903, 12426.55452848717, 12373.899557276105, 12835.160548077583, 12607.897288559345, 12086.135457805967, 12286.633370236248, 11308.8082724156, 11503.17534460316, 12970.170555326127, 12147.843693031675, 12344.663530672608, 12626.536008501835, 11700.836135378577, 11831.364672659962, 12516.944153820545, 12330.467103195371, 12299.839087584163, 12008.019179490633, 12432.216367188701, 12210.777542367878, 12886.682563595088, 12457.144302963214, 13065.12133457596, 12802.10672186539, 12666.18668032197, 12720.89071377267, 12512.951619461837, 12445.498375386227, 12376.965681194684, 13031.335524450013, 11893.282201430015, 12261.989938024359, 12410.900824175233, 12463.812843615005, 12687.527792116738, 12230.10408541594, 13155.125465198922, 12505.668839178976, 12071.080867435325, 13172.956356491666, 12181.87646374322, 12431.354255934022, 12188.452047093726, 12397.886221197989, 11827.9615334175, 13222.243714549328, 12666.046898934508, 12289.090280843282, 11635.925925307134, 13071.545813057974, 12710.38304868926, 13338.726926011808, 12312.33960076229, 11678.60472554244, 11890.16906481079, 12277.64891055663, 12446.428702000136, 12429.748536647878, 12723.253456083148, 12856.841716855883, 12091.52612092273, 12336.222082103937, 12133.445058365856, 12544.468746730983, 11733.48998459071, 12348.693980674783, 12447.362843877809, 13267.436679171235, 11847.513330058317, 12384.41468677644, 12475.005397513924, 11667.830907859334, 12632.118271494704, 12323.614584529323, 12417.90550237677, 11653.092448689265, 12587.23417084258, 11869.374187107303, 12664.98483832589]
280 linear 0.01
[33978.97747971 33965.05952587 33942.11833161 ... 14934.52739495
 14932.28678033 14930.06753679]
The costs of all minima of these simulations are:  [14815.844695483405, 13868.709507232612, 14943.626575688964, 14748.17760789407, 13918.58102169758, 14909.890938063936, 14151.441855270723, 15615.198949385614, 16409.464205820314, 14738.750103852099, 15213.804252258682, 15339.96060042922, 14961.92973578289, 15878.955288522808, 15233.923771474305, 14405.054361859837, 15405.84113289955, 14699.325367498921, 15255.4770302771, 14631.791888939682, 15191.25342173357, 14145.31290943124, 14984.883007850618, 14924.126985824763, 15552.116273666074, 14567.330889082607, 14998.083834187111, 14932.676699073183, 14917.383153509969, 14572.283173231128, 14932.266073950565, 14772.017714858459, 15058.341737079236, 14859.500394250985, 14724.097945078023, 15009.291447474387, 14881.253695925847, 15556.276098594934, 14156.47968157047, 15243.916041356706, 15146.829830653707, 14716.41481136132, 15364.830585949583, 14719.312753755466, 14351.449363998927, 14028.116389926003, 15128.460317971945, 15075.175909052232, 14553.626605889009, 14597.632867393142, 15216.39119666037, 14722.39481027178, 14553.981309105186, 14410.959005414263, 14674.736218942715, 15324.406728713426, 15121.002081807092, 14474.468426754824, 15152.582730604603, 15658.674115715852, 15665.52658021808, 14779.898413417846, 15513.11225705247, 15261.655021766455, 15632.157572093483, 14941.011069100796, 15450.688481193936, 14129.828059139385, 13558.645383235917, 16258.247347791963, 15011.670722423823, 15247.06294136629, 13439.622570455123, 14434.746976308223, 14547.96951842912, 15521.935769788026, 15722.705982193722, 15468.012332277684, 14577.490673489785, 13998.616810802327, 15111.696816962067, 15428.33164345962, 14828.519363863126, 14864.780093946236, 15081.528705596113, 14290.357058149773, 15326.131039989446, 15097.528941742337, 16013.770021920629, 14641.044365119511, 14945.935211583368, 14717.806278556, 14545.64777811877, 14610.242448620817, 15249.85297013461, 14556.834762273746, 15305.85960825732, 15025.731197051255, 14969.81811103758, 15118.646651744175]
280 linear 0.05
[34198.50545885 34193.49466807 34194.84283128 ... 21617.76454123
 21603.15478555 21593.39004722]
The costs of all minima of these simulations are:  [21600.24072962598, 20955.428773032254, 20788.108701087116, 21395.256950831816, 21407.62076529421, 20731.011271040163, 20852.968804651235, 22000.703688421436, 22558.825281546382, 21996.282762286544, 20707.777250233325, 21046.236225475266, 20941.409516091222, 22310.668236323905, 20990.590001066532, 21728.886014396165, 20523.755131430018, 21387.02838164266, 20827.04562467118, 23230.20196973815, 22063.489370596206, 22747.166253849668, 21996.231291745167, 20999.70509289374, 21203.41829822294, 22648.139303166754, 20678.46908060831, 20969.09155414834, 21818.237639630992, 21412.617218030573, 21857.378901938926, 21791.52930333032, 21600.59077800582, 21768.543899120912, 22610.850195467552, 21855.52518909026, 21144.1207395171, 21228.64413882795, 21759.19011272732, 21550.24666568218, 21655.860516991594, 21936.39845709845, 22169.137778851826, 22503.47179558941, 21054.355282924447, 21273.84371144995, 21839.131998726374, 21507.732171887248, 21722.28443205235, 21456.377933088323, 21164.892969486187, 21292.369103959863, 22065.22869342535, 21302.828448523986, 21078.744744947617, 21130.455095306126, 21041.76614021269, 21448.351201742436, 21552.82918771145, 20582.546650443906, 23780.38927961046, 21987.177093153234, 20498.51771431733, 21374.309880362583, 22498.33490235128, 21869.757904095633, 21399.304364194108, 21564.774751516605, 21242.914414853498, 21775.32737167303, 22376.37488487441, 22169.367654062007, 20051.118937839943, 20897.067368029588, 22050.66928700913, 21121.13102308002, 20982.96872992122, 21228.845911003842, 23515.16832863586, 21965.331935727714, 21922.490072647975, 21691.855339740883, 20697.168037717263, 20810.305056047942, 22221.843620551717, 21524.551450074738, 21730.471341216235, 22730.859550838086, 21411.149631679713, 20717.95835026295, 20876.69653056564, 23365.208678012776, 22426.368319510577, 21596.699620119693, 21589.30731247629, 22010.199768754002, 21726.25089591284, 21421.59969798359, 21547.85623603114, 21509.47605549013]
280 linear 0.1
[34105.60600752 34119.75244773 34102.50336327 ... 24498.61153981
 24482.13581123 24471.67841118]
The costs of all minima of these simulations are:  [23528.349393254266, 23840.469582808288, 25067.780256027654, 23409.06094407698, 23746.370472956256, 23400.828569153207, 23434.236627192146, 23055.431365784232, 25458.178916632685, 25606.1591636641, 24244.17538901847, 24026.630750644978, 24620.821452871805, 25186.023558773806, 24349.567544704485, 23596.284667525062, 25411.168640226842, 24579.494893293355, 24895.173553313693, 23337.33215410635, 25143.49947779649, 23751.558606349565, 23627.48178766449, 25766.402098488627, 22245.633497514722, 24056.901182784073, 23634.161119966546, 24724.62144587513, 23635.666205346635, 24272.11057790572, 23765.875120658944, 24676.782898895468, 23267.862139789373, 24127.77405619999, 24982.55091921134, 24168.99671215254, 24888.714765866087, 24548.327679139136, 24417.94666545719, 25287.375243841016, 24234.539616660502, 23805.621362495505, 23381.574263424536, 23924.744103646557, 24520.94956120803, 23747.879890302433, 23817.323412478116, 24913.55205022017, 25326.611153673613, 24753.089115692608, 25543.530282908217, 24848.185487322145, 24947.75962268677, 24712.950476583123, 26474.99049240153, 24714.80723636637, 24814.603157823974, 24875.561864825642, 23702.349581952083, 25198.50573695411, 24494.497315284385, 24104.218177500123, 24176.970093051244, 24169.851904552994, 24807.71763201409, 24861.967246393604, 24680.10611019145, 25411.645380099206, 26667.23750997201, 24881.002668939847, 24418.697784379452, 25288.7564429489, 24919.985837775246, 25874.866738804172, 24464.826384629763, 24247.845122033465, 25263.739521538446, 24205.99755941747, 24837.18936083147, 26283.14776809662, 24136.366755421343, 24097.640466997585, 24468.453779839107, 24066.187198139407, 24200.793461502763, 25018.60395653287, 24420.992621596597, 24818.09094538037, 24346.48412671774, 23724.6586427143, 24120.228837018818, 24025.65790753977, 25356.49350206908, 23842.247343697392, 23254.08254232541, 24490.821873763, 23560.726668625888, 24856.178751685005, 24545.024600446384, 25706.47514454033]
280 linear 0.5
[34131.96855701 34119.20426725 34119.86150028 ... 29877.81121192
 29842.67027675 29813.62350312]
The costs of all minima of these simulations are:  [29600.02179234329, 29154.838254853294, 29406.97234766321, 29790.691103828573, 30143.5736234643, 29038.411979926266, 29844.092878102005, 29076.38588654454, 28887.036978784294, 29306.630718512206, 30194.58180878663, 29189.49953323053, 30547.991808443345, 28943.722731030677, 29247.06656303907, 27959.30165045918, 29307.538668184166, 29107.742979191025, 29239.732875653823, 30696.519084121483, 28751.604095549003, 29178.2657962118, 29309.11077382265, 29157.58478320604, 30257.74022539025, 29624.293902985697, 30101.978540960947, 29793.64534001748, 30058.744298514026, 30109.88401626227, 29812.419166241463, 27989.398654646673, 30004.824352735748, 29921.03324921314, 31098.465357112567, 30510.684786939484, 29231.996826438975, 30148.68922937908, 28065.61922169549, 30046.660342856936, 30720.210792495855, 30541.003658002737, 28787.8861173908, 29139.880575326097, 30354.885926347746, 30734.10043387908, 29403.238942888867, 30249.34166576767, 29372.09313381988, 28639.854298215498, 30993.644370825798, 29017.57654726873, 29866.79704671996, 31009.11314031423, 29389.66633016656, 29814.719474858943, 30936.638276062473, 30901.523522309224, 30320.94041837058, 31250.251439496224, 28827.371764265605, 30088.219640041727, 28679.427019989344, 30247.220986839773, 28911.189378234623, 29732.152571975068, 30089.404007079178, 29642.704124688855, 30983.084360708806, 30237.400349747626, 29578.49537543494, 28328.252068478367, 30632.093677349803, 29523.351058866156, 30727.994615404885, 28931.846159772525, 29306.09444582424, 31045.299740821356, 29356.224427492896, 29601.594979120346, 30277.74944301648, 29731.446892105967, 30227.879972250554, 30150.805271904188, 30467.773939550847, 29675.297764073042, 31390.213116871146, 29833.3319380074, 29014.01927946756, 29711.581161971568, 30534.16288735091, 30017.163577779582, 29445.41370910815, 29477.908033285014, 28671.31997581772, 29113.031087866253, 30304.164810907154, 29230.064009245365, 30021.50933892873, 30183.57012907679]
280 quadratic 0.005
[34174.40213843 34145.98144109 34120.70864251 ...  9405.33505108
  9403.87889412  9403.23797149]
The costs of all minima of these simulations are:  [9721.356196548868, 9436.361778836503, 9313.570939382105, 8821.828219108995, 9939.84618132967, 9483.6077466825, 9165.003053029946, 9156.956743323119, 9678.416249679814, 9583.063292805175, 9323.238163567412, 9177.335734194106, 9381.899955206782, 9258.995478229856, 9743.425429381025, 9068.332075035696, 8775.283082485552, 9750.648638269957, 9754.622740849263, 9374.403684846393, 9344.039273386186, 9374.369966630104, 9436.516147301576, 9548.396343870398, 9527.026803593495, 9112.559540568736, 8947.032676691268, 9333.920678437576, 10018.304511717199, 10083.985549365296, 9864.208200118605, 9779.80967607353, 9363.455649722355, 9656.619641707619, 9034.558374104783, 9642.494488724633, 9652.043759008622, 9300.37258768285, 9405.399719705043, 9605.00253604206, 9209.670183395108, 8945.501884565823, 9052.603765664604, 9726.18755755677, 9839.91357164645, 9185.521804991658, 8989.951220073859, 9604.823979409819, 9205.033076295227, 9390.655042301272, 9571.31311533982, 9463.236755553076, 9229.78250296555, 9141.45623163116, 9677.389117912182, 9492.028072670571, 9178.666739434311, 9175.731832802781, 9526.486365961213, 8899.457271401427, 9604.353647867734, 9125.611294526583, 9085.132272201214, 9589.522829328833, 8994.324281710253, 9705.810949948487, 9295.697884013542, 9357.309840251839, 9149.95027336288, 9263.816305670049, 9407.06278625593, 9494.752823728473, 9234.049864515822, 9499.30243768832, 9522.855439880797, 9308.676263030071, 9580.265083618393, 9394.614277206882, 8853.263301425128, 9464.60008110719, 9726.075698802239, 9729.495627409548, 9027.022494181794, 9483.40180148101, 9151.742951175218, 9139.197613090995, 9553.730385521372, 9454.675233631819, 9426.325916933398, 9501.959105915346, 9303.472130754573, 9824.612162706106, 9144.51882290529, 9245.531259388354, 9348.307566207324, 9552.288944880665, 9242.458854400755, 9846.48904894025, 9488.26553322554, 9759.532460877093]
280 quadratic 0.01
[34041.85716955 34033.45685207 34006.92759726 ... 10622.37700905
 10621.70110656 10620.160898  ]
The costs of all minima of these simulations are:  [11618.80125354543, 10864.86835204312, 11282.320071623228, 10776.140030336781, 10893.344503002132, 10168.67317068325, 10259.229735156277, 10878.610533216239, 10452.250452096336, 11056.442132398937, 10537.310176906143, 10689.132963278402, 10248.479765353513, 10531.533342230534, 10661.647010064455, 10398.364439240253, 10684.752958433553, 10867.691640893565, 10619.528456179476, 10875.291560328773, 9839.225943241585, 10942.147624395382, 10801.649320584915, 10919.112080212746, 10222.74934794537, 10586.848273707388, 10239.52664227736, 11515.50607114921, 10549.838615069153, 10281.026884775238, 10627.610194725052, 10948.883897267651, 10419.92060661802, 10782.174099076376, 10618.98632646903, 10409.514137578999, 10174.481798109524, 10710.173877390362, 10191.355264546803, 10191.30483242692, 10155.21027568242, 10307.581531194275, 9792.872019664039, 9765.692422521264, 11147.75883106668, 10569.253321827742, 10507.720516036346, 11047.531978810739, 11369.563217633076, 10542.745763455827, 10695.071884322317, 10665.761049964653, 10621.230764781485, 11079.34674597625, 10607.94704816976, 10510.413639318831, 10207.141049809361, 10683.490322584677, 10353.996193726864, 10533.779506898609, 9993.746921292848, 9869.179938611938, 10886.253023833311, 10895.842172136345, 10641.193025418002, 11022.08360574799, 10220.664593892283, 10289.448021819615, 10679.082678277002, 10729.101564486633, 10882.625504764685, 11263.195918748861, 10494.215555611108, 10852.013144778812, 11049.657610008991, 10803.846063731307, 10130.47902619354, 10051.389915354048, 11090.91093192127, 10469.73902285697, 10632.917597671187, 11420.17724409381, 10939.454356301201, 10187.589177222198, 10677.275287862769, 10707.581680481388, 10368.823016529805, 10572.336636439673, 10596.70455668201, 10253.225077667686, 10917.896794684175, 10686.326637194123, 10773.795721078548, 10417.960443436414, 10770.636215421018, 10213.892952503962, 10591.504240034195, 9975.567495973592, 11185.718240862798, 11311.481720285412]
280 quadratic 0.05
[34117.31856526 34100.83981373 34116.78790832 ... 13851.57070176
 13848.92366557 13847.80202354]
The costs of all minima of these simulations are:  [14529.771837536538, 13438.469024560516, 14159.2902626951, 13654.062220818172, 14146.507903140562, 14411.79272962511, 13563.186305501315, 13708.32088614928, 13758.568305367247, 13960.6922137847, 13319.173660247598, 13748.897812690477, 13693.114661043046, 13915.19438842838, 12943.712303267552, 13757.24760437051, 13277.72990495136, 13772.026083767209, 14351.594333402816, 13543.501195186123, 13629.090244708641, 13326.753238402129, 13913.732162747612, 14345.82732443322, 13640.679270730783, 13475.046647196994, 14135.905844137202, 13680.70211302321, 13633.016389799017, 13767.080020065154, 13395.747510940786, 14884.522340741947, 14299.154871505507, 13598.569036221908, 12537.563891903665, 14010.276694004095, 13823.49834860099, 14143.264860896757, 13912.216935829692, 13311.958679581418, 13452.74360679321, 14028.149083631288, 12902.563276472243, 13941.447719234604, 14202.060480788678, 14276.534584494533, 14417.7917377359, 14474.822695767198, 13905.360904978019, 14357.684224537585, 14403.106076078991, 13991.47266463561, 14114.451339676456, 13433.219268423047, 13473.508936888315, 13556.90735580207, 13438.040563706087, 13825.190204750961, 13814.23553958335, 14817.448631342291, 13776.088234395416, 13428.462482498024, 13672.237663579299, 14350.797041897857, 13397.03027947965, 13720.408161747118, 13306.186098194443, 14373.449694271234, 14205.287194552646, 12525.46412945504, 14318.696107989072, 13752.626162987237, 13850.7011287249, 13729.104162937752, 15032.905259823201, 13980.6453387952, 13492.722609216316, 14804.871930551022, 14042.01352431879, 14228.131731732201, 12969.807219187584, 13994.55339830649, 13695.867674198755, 14328.85884909361, 14177.7206590296, 14366.629645119747, 14433.632804866082, 13601.395464981388, 14111.367822019616, 13038.414203933464, 13147.294186569981, 14111.16660077304, 13819.535833535041, 13660.499695252003, 13933.036527234866, 13210.995672137085, 13377.615375395291, 14533.682093852492, 13863.204480197432, 14472.896253951056]
280 quadratic 0.1
[34174.88747278 34184.52311791 34169.22336873 ... 15483.40854426
 15481.3601592  15477.49212407]
The costs of all minima of these simulations are:  [15184.249956782614, 15455.4427733152, 15018.984556542386, 15060.460275223582, 16026.009435038002, 15477.723548158405, 15255.326074683573, 14644.420736920545, 14341.655215505978, 15791.469381958124, 14888.66973743924, 15589.264272975424, 15800.040047940867, 15647.920344556404, 15474.849569782647, 14684.173693629198, 15559.094934207507, 15704.80402227005, 15740.638965262315, 16220.559799411109, 15908.988115021348, 15563.752171520044, 15742.003008198615, 14880.486680536089, 16277.178272334646, 15776.452727838763, 16321.284455715222, 15585.539604450383, 15844.808038293273, 16034.44477705997, 15200.441150292403, 15137.203993200868, 15686.578813088547, 14225.313647993455, 14917.376113128072, 15883.978064517738, 14631.618069758675, 15380.724362770616, 15038.431565647712, 15580.116846162879, 16024.151495531027, 15348.564358793461, 15809.905284995899, 15009.718732174582, 15211.1362467781, 14611.363242790063, 15510.675604292648, 16403.60523083104, 14019.00819941275, 15227.955643745705, 15550.921976004083, 15315.80875803825, 14806.555188389217, 16125.66778949858, 15791.550325421465, 14808.814653200132, 16078.347129440002, 15094.832321955993, 16301.849221179227, 15832.13402560112, 15056.82973941342, 15447.761417624193, 15478.011816578604, 15684.735387542154, 15893.443484932846, 16288.97972871074, 15360.59360571577, 15799.546155246502, 15773.295420442202, 15541.055281461822, 15001.372103128348, 15685.629950289283, 15918.901969155171, 15801.217752134547, 15410.825718859774, 15309.482406324933, 15250.500530089514, 15420.828594225884, 14760.067808123944, 15919.138965347782, 13917.956563229121, 15356.49319232676, 14949.959870671031, 15431.165850648813, 15147.854630649797, 15134.059454771159, 17335.280703566, 14990.194834926253, 16215.901390150282, 15629.54887594565, 15244.126055091523, 16596.00787197564, 15940.69141071636, 15738.597118125504, 15212.935024446093, 15413.671925406814, 15641.725900234296, 15762.285771784016, 16149.185989911473, 15074.308889500595]
280 quadratic 0.5
[34089.44358534 34101.28275648 34111.1978122  ... 19805.99711231
 19798.2878752  19783.66770036]
The costs of all minima of these simulations are:  [19905.452567725708, 19606.922601024427, 19166.79083371891, 19754.060902823505, 19675.633862937877, 20482.848279363072, 20098.88286479178, 20263.058487266513, 20324.86487260514, 18838.08496883905, 20922.903623347498, 19813.671894781382, 19074.240343552672, 19755.115501883687, 20553.139914325056, 20165.105205031472, 19945.724152027877, 19642.48868333702, 19843.185316684765, 19666.35918395294, 20148.789411910104, 19930.356336550925, 21320.513843971516, 19919.286796735534, 20446.021361965755, 18986.578890157718, 19999.917154347393, 20361.341739880212, 21037.97673102196, 19115.99282181331, 19186.66506911706, 19331.57392346762, 20299.944035907858, 20070.864245382934, 19582.714753574986, 18875.071737256785, 20208.679287127954, 18850.394873057394, 19646.583735685483, 19180.52485352249, 19482.88842970222, 19077.462057849865, 19040.750297361872, 19407.610919299703, 19593.730695160804, 19806.676426928778, 19591.312238903465, 20417.3179813517, 19867.309465539773, 19892.065403737786, 18911.554517296434, 20341.62085498769, 18806.764275558482, 20246.02445001508, 19155.927207753495, 19460.125873952384, 20417.014982073288, 20234.253215127126, 19866.48133730797, 20057.27548108837, 20522.108258385913, 19424.54634706948, 18961.56718633387, 19633.191654900893, 20282.883773418398, 19116.914233885924, 20586.554077798268, 20258.149182218473, 19398.67643637998, 20691.50633085693, 19383.469861931815, 20418.9039924133, 19737.039574788305, 20291.123193417076, 19071.56254130567, 19483.98728442481, 20448.529100945867, 19170.32550317335, 20402.781812601, 19797.524930205538, 20463.069304247394, 19127.988435542473, 20463.23921452754, 20071.373694822458, 19248.564908140754, 19966.798448931833, 19620.48180061773, 20653.276834246077, 20081.83339120046, 19444.112002936767, 19303.5949024077, 19868.695160602812, 18991.99946801907, 19155.043930978845, 20084.714507640772, 19173.893858700914, 19729.018174836703, 20055.072978776017, 18579.913956927358, 19530.24801164398]
442 logarithmic 0.005
[775258.81499338 774948.04213709 774665.81991887 ... 298523.34247887
 298524.21906179 298466.06463091]
The costs of all minima of these simulations are:  [294444.92530635785, 293515.6852487859, 291179.97349057795, 298137.9155319308, 295613.36249129183, 285583.3517529198, 295213.20145599084, 307979.736548439, 302197.39197283756, 299510.53804471315, 301955.18165532814, 302610.71624352125, 304204.66600991716, 276447.394156186, 312428.60999447654, 292160.00024661666, 308433.81481373566, 277684.5596709659, 287785.201516142, 311556.6081379432, 282724.2022190169, 285404.5141929173, 301727.2988694933, 293315.6468485416, 309283.3131638266, 300245.0337320232, 298945.5666737185, 295235.2533393554, 287242.3164876289, 286143.85028482083, 301143.8806106471, 305708.7795114602, 300841.0283823344, 297392.28289322974, 286176.0092399221, 301749.8477936461, 307823.85347785626, 287171.0444536533, 284551.5082318939, 272674.1848107387, 296209.03533793497, 299619.40354279283, 306658.469694964, 282661.2780374982, 300958.13504321757, 285208.42152213765, 301502.2915556352, 306002.7953557262, 297950.6108541251, 299770.866344946, 295193.3765068705, 294719.0030808445, 285056.12271688966, 297824.30630378565, 304522.85944844567, 298327.3489639874, 297557.3338832679, 278989.1341873486, 294980.26499461057, 294906.4869247714, 304139.4541459383, 296488.3848196732, 292986.7508509297, 292939.4481218885, 305826.8852093198, 282623.22419031576, 289920.32785883197, 286013.2489075382, 298734.76843662036, 285680.7352634763, 291301.8574433694, 286057.77893244015, 292361.9056702225, 297060.8953053872, 307504.16528083215, 285020.66427524685, 287809.5305380216, 286107.0370497036, 312385.3076536965, 295174.0664070136, 290964.6649693092, 310256.25171820977, 289017.62614225876, 295246.5629004677, 297949.11366489157, 295765.4330174095, 284635.9061288154, 296585.9075650368, 296527.97367984615, 300531.93921133096, 296338.3149738575, 286574.4183911385, 283418.27718200884, 296998.45283992257, 289888.46255511686, 302835.9007638711, 306454.7424030431, 297558.6289927082, 300743.81298036315, 299243.1239376142]
442 logarithmic 0.01
[771332.72215796 771222.40992002 771022.31463756 ... 453885.22847166
 453859.03271507 453917.9543238 ]
The costs of all minima of these simulations are:  [430574.4585882897, 442655.9037415029, 413848.5929781297, 410705.76036856597, 429168.1323570317, 428223.1927904914, 452749.5358701665, 433328.75413570495, 430534.54386598663, 428304.3335829478, 450295.166089341, 431944.28241964587, 435520.1428638365, 442707.6435328705, 434227.8402658781, 439036.2160421028, 438001.27902348386, 456616.8951012809, 456687.7584552448, 413479.64898331754, 434716.0500406046, 452601.8242700678, 441530.585166462, 442378.388593062, 425919.6819874298, 443551.59614181455, 438302.3993340634, 426468.9057925012, 429830.9351659535, 415671.61964497104, 456435.9439096055, 453076.4468282657, 455490.4408246681, 429440.7102516132, 433147.0165612208, 431147.74973731523, 452632.29405686294, 423716.0540184577, 438396.71867565694, 450831.38218384294, 432638.87924747576, 433995.5890938525, 456013.1003446467, 432704.29238404846, 421419.94355027797, 444768.67651720485, 435574.3727665719, 430276.9802061105, 433679.1758245961, 447295.400949569, 435614.78232467774, 443697.07030723337, 431914.7125537217, 444067.73031332134, 458379.4142782537, 433179.6980654376, 438468.6480379382, 436097.79901026236, 439330.46906361927, 439936.4814354716, 431480.2337358139, 425454.4448576813, 454760.39458152466, 455702.1787983114, 439651.222504453, 444436.2509858672, 452041.4420235105, 446915.84287763236, 445919.4525993836, 445293.0203174215, 440971.06812942005, 437195.27287106094, 456977.52330553654, 434534.4900992119, 432196.9407137905, 442380.39470645506, 448045.34376439307, 442843.5458768802, 453792.34059761936, 413506.87747405743, 432091.2079548731, 429403.8365932401, 424783.7780252224, 456429.3671655449, 441986.0365291261, 403634.35285204934, 445776.2182787233, 446994.2669781517, 431414.5437251759, 437841.3756687227, 443965.58752226335, 427352.6473489049, 451989.2291311439, 434150.0285494382, 445570.30546068307, 432911.3754632952, 426719.21127755387, 439607.1692349724, 426544.5292562515, 453874.35704179853]
442 logarithmic 0.05
[772452.04731022 772465.96685154 772661.87487942 ... 708087.17985441
 708087.7350278  708107.94232256]
The costs of all minima of these simulations are:  [671179.9011918806, 665385.3587581802, 677338.2485260764, 674470.0474059945, 670010.8951272616, 682769.0894736066, 659498.2234015934, 672962.3759495427, 668103.4558047749, 651985.2564636345, 661070.2518945925, 669525.8212362471, 668261.3335872196, 675378.4686930577, 666642.2278684694, 660130.176273311, 680990.371438101, 673069.2335558579, 664161.4386925828, 664381.6853509154, 675976.380925091, 671016.690434768, 677162.3899417827, 664369.0449244061, 671094.9905716676, 658554.8622904377, 668851.7158001713, 670219.0335759319, 662693.7241787832, 661014.5974473279, 666838.9719848767, 644398.505901312, 677619.3249025394, 662809.6099280323, 674827.2344802136, 660693.5851248224, 656161.9117195234, 665496.2574509602, 676646.5619389283, 684954.5108300489, 657833.8136977069, 673889.468964433, 663536.1351755331, 674752.1563529259, 666880.7711562241, 677147.8636211144, 679076.1209129501, 667533.3865017793, 665803.9243822522, 675455.8269074849, 685227.8710826291, 669859.0763145259, 670364.2937511269, 660780.1019812035, 680965.4145548331, 659827.2829861298, 683958.6987841051, 666219.0307395788, 672821.4137110651, 655360.1966376139, 666214.6630846309, 664891.9535372686, 668372.5888148652, 677216.2200348391, 679494.6280345184, 677722.4703023526, 664831.1027325905, 673582.1392241295, 672988.1186203312, 647674.123896174, 666229.778055203, 667181.0774141477, 662191.9643370133, 685353.322046681, 666710.4612625745, 658271.326147936, 669459.5271165818, 666017.0248744304, 675937.503158253, 658222.3396293186, 666165.2985493302, 674631.6878131661, 668058.4567018014, 673036.9926951886, 670190.7700287406, 662737.6927864396, 669890.7930867242, 665639.2787341273, 672271.3479790767, 683692.6774914355, 648200.4026204305, 666793.2875111768, 664001.8518320875, 665354.3015667856, 678225.9439939248, 658983.9110759011, 674382.8229011239, 669952.1058943383, 662840.7615190985, 660684.1529420578]
442 logarithmic 0.1
[772352.26590012 772223.09625636 772358.44666919 ... 739318.68400284
 739219.94804855 739151.36724597]
The costs of all minima of these simulations are:  [692202.2683984899, 706827.2259535531, 700484.9403150699, 699253.0498903034, 706512.3282178477, 683136.1207880398, 684918.027466895, 694493.0924611422, 708765.3245447084, 697775.1908702981, 704009.4884216243, 700333.9075377338, 706709.218071472, 710944.334958707, 704625.5892502269, 696885.762421496, 697882.8235583461, 698713.2411957004, 700449.8620368175, 699475.207914811, 703423.8400058458, 710060.3409103618, 700630.4419741344, 693488.9301213196, 693372.082202842, 691971.9315600881, 682419.1221236999, 705267.8385595639, 696414.5215267802, 696485.4452346424, 710784.0471522241, 708496.6997512147, 704423.3376219845, 700674.7720912523, 706949.152276794, 690864.8129790913, 701505.5659280912, 708732.7774005219, 693712.1531445351, 687589.8675599142, 699997.9386227452, 698074.7608543407, 663021.3462994703, 685295.0718872262, 704210.2871420885, 702398.2462171704, 710873.4925641515, 697347.3560194107, 703402.4207516566, 680106.636779677, 714167.2250097548, 693829.6832247927, 706414.2585413865, 707959.8393920744, 703064.9252771519, 696656.5632537, 701057.1419423225, 697015.6692306821, 698426.0083137, 696471.7631042328, 706163.5068388343, 698871.5154687016, 684091.7755831439, 700245.399466183, 705964.7467285235, 697741.2785126093, 700010.0459332826, 695480.153825402, 707620.770572228, 692049.0449688445, 702877.0342058326, 697281.1022800902, 712109.5878911213, 697588.5186196367, 703837.1769819233, 704934.8561809045, 706811.8714786967, 704658.3479027409, 699752.0090449209, 685256.3228466728, 700454.3093223863, 708235.0713722976, 698210.5727301824, 685767.365060086, 686998.2710010466, 680449.4156383503, 694108.8133237237, 711968.4290812726, 700931.8031142708, 707842.1595471187, 705549.6151885347, 678536.0960778339, 693819.5052983826, 701429.8666680806, 697709.2996253481, 711419.2136947471, 703339.6094502409, 704424.7932567904, 703145.5303470003, 691839.1223993049]
442 logarithmic 0.5
[771291.16599629 771234.30915853 771136.3621572  ... 765994.71561357
 766004.29808822 765988.50598777]
The costs of all minima of these simulations are:  [719744.0302734142, 714572.54563364, 724178.8558365882, 717282.6312813053, 729348.9047361675, 720971.3843023509, 728592.6369856042, 718513.4155632794, 728853.36110585, 736534.6651047382, 724636.5870431028, 714567.8662423501, 723229.0108196883, 722579.6848477558, 725934.7549065847, 713913.5318002577, 724119.0763999169, 729186.7328519856, 724025.0047151708, 729823.2973947995, 709828.5895155952, 724171.1709169768, 730329.5795618914, 720509.7073546083, 724319.1277901581, 725898.1890429315, 720279.2439196585, 723272.5638351667, 723543.338646674, 732341.6634858574, 722570.4866321589, 713235.4687027602, 727770.051045444, 711292.2049203973, 742877.7316490117, 717725.1970790821, 725320.2301022013, 722002.2132467919, 725434.6115901484, 724176.9649715526, 728290.5240715145, 722329.5977599304, 725105.937035617, 722608.3265341179, 719946.2935944704, 723886.3275082315, 716530.7517684571, 720293.3156414904, 724901.8662406493, 723280.5325425582, 731946.4592662313, 722918.6929530727, 719263.966002832, 723291.7635907639, 715719.40217762, 720455.0571002081, 722883.3012795958, 720168.1013913803, 715021.3886624606, 720184.000789183, 717891.2186621851, 722627.6835326612, 716991.4687457677, 731840.0678443325, 727763.5897854321, 731376.4199348536, 739647.1054485377, 732779.0165994369, 731481.458606215, 722440.110568648, 723760.175195807, 712146.6999806612, 723190.3417348932, 721303.1730424002, 720003.7508527985, 721777.3079365203, 721339.8508249413, 703654.1002429659, 724444.5843212538, 719047.8366881097, 715249.6274007777, 730522.4283987548, 729490.1122558431, 726673.3922690208, 724025.522002839, 737612.7984515026, 727439.0222707033, 714799.8861235053, 719087.4575388343, 730512.6970288835, 714883.955106406, 727957.9239658243, 732907.657775179, 706719.7466973776, 726398.9704103465, 718332.7449294408, 717750.849003626, 729360.2072811102, 715401.3784805355, 720667.9790736575]
442 linear 0.005
[771182.1051044  770807.71558865 770514.71563523 ... 376921.33935792
 376862.50828711 376830.91395885]
The costs of all minima of these simulations are:  [390754.8234359471, 364268.12108062877, 360937.64471577766, 381365.9723482024, 384381.51415170514, 386168.79362654604, 366597.9752057866, 381976.13006140484, 372731.4147943662, 369216.7063888402, 378726.6059201924, 374592.9748153089, 366739.94895627594, 383681.6407956308, 366821.79876695323, 375997.5673805272, 371847.63589650276, 383912.86637424765, 386436.47499516315, 368773.4851617619, 357679.76203791756, 366193.62973994535, 388577.2616640147, 386021.31297770236, 366723.83020793134, 360388.41548853536, 354802.5522511668, 367277.97555193503, 383171.22730934806, 376145.7119062242, 378281.7804721314, 365907.1200264228, 370910.9741939935, 362395.6572645339, 379979.73240173573, 377580.1685579984, 388778.25851036416, 371848.10457199387, 373175.6549625162, 378995.83081747213, 368789.39357850165, 381620.45297765324, 379023.2220135201, 385151.19775909226, 371694.4785953377, 377313.3730932343, 363203.09221642755, 388738.0452974222, 378526.3026465834, 383537.083445436, 374641.1686213472, 379407.0706112398, 371799.71202389686, 358905.62809323496, 391857.20078412595, 374371.0949652537, 388945.2039924768, 389069.2155339014, 370786.59571849497, 403471.0843991858, 375204.7627563198, 392000.7395756958, 395051.64601164294, 389297.6345539161, 363591.94936999085, 388787.7138005897, 385957.6064459604, 367849.05980944337, 370713.8816406232, 373035.4512083929, 375783.7673893755, 380145.33423001895, 377070.3827701675, 361978.8601869489, 376471.0085751357, 388743.09829379193, 377009.92813620996, 355529.5064181864, 382006.4550127174, 373070.17545116844, 380804.8724980411, 369698.6189909213, 370248.79352012114, 366424.4369942548, 378504.7096992357, 377695.9584846679, 393205.849544855, 373145.48029581306, 382226.0964564102, 385045.7880907208, 387664.986735906, 387698.814116016, 372657.47890619916, 381398.63532459503, 394541.78130740114, 366856.92738753284, 372411.38713937666, 369631.79580307205, 385932.8100404881, 386381.54076071933]
442 linear 0.01
[773781.65645615 773866.87170201 773679.56050444 ... 444571.80015874
 444481.38940716 444402.41540415]
The costs of all minima of these simulations are:  [438365.179426985, 454203.3570355878, 445157.8054779399, 441802.022542169, 433086.40846110164, 445031.6855000318, 446924.809444152, 466237.09564433835, 452358.34964881453, 466536.3431593219, 443862.25986418384, 434030.7445274877, 450480.61316120444, 445417.30120825616, 416896.7870270442, 453472.9024578002, 427876.50044377794, 447768.5694855291, 421571.05658816994, 419272.73768341664, 439709.03467053274, 432723.77360247, 433843.7092853138, 446859.3339893048, 436584.38157182117, 458738.38940433203, 429103.96581607085, 437971.9542421435, 453812.2065583549, 439609.76572815893, 447966.8378932331, 466365.55752259947, 447881.1490599231, 429027.2467844299, 439913.93146557745, 443284.7836794275, 427868.2236105116, 454305.21580696135, 439420.486958325, 455066.8006596148, 446875.2852245906, 442482.074949638, 465987.8548718797, 457944.80029494205, 458419.25639666343, 433569.496681345, 465249.5312232509, 430786.787847966, 423226.67711750686, 444602.2423393352, 460639.0824554138, 438785.8205384619, 424779.4533286181, 462974.2544271903, 412588.085742922, 449819.9447833629, 443528.6768296424, 450874.0804388958, 432312.00349956064, 441748.0524855233, 433878.9298391902, 438721.05793077796, 450964.8711192295, 434950.2340834926, 460358.7958432313, 453549.69215506373, 453429.5544241322, 440126.6414352776, 441600.8446842052, 470076.12503704015, 427320.80656716926, 444757.01283880346, 445182.90615130926, 460506.36367807904, 426296.7591698743, 450365.44864631316, 441031.3480148266, 457458.12936198944, 420240.527728516, 446493.1281584322, 437434.8346077663, 457805.6288975636, 442446.9417852058, 462184.59860562644, 428874.15907430573, 457940.45017432445, 425428.5067388376, 426789.10488323646, 463143.4805309836, 449485.8860020437, 438504.2424124489, 460060.43927367596, 433916.6079363233, 446116.920425846, 450026.530425692, 429802.4246779126, 471529.25816397957, 446351.24032784364, 460534.49639023875, 456953.87364092894]
442 linear 0.05
[772758.7584421  772841.17882917 772857.20329023 ... 596449.20002277
 596127.07300817 595763.76459663]
The costs of all minima of these simulations are:  [622458.4487685158, 572739.9772945383, 593344.5439986014, 617726.0400210703, 577265.4390475954, 569642.7001664544, 614657.4628000101, 583695.1749816213, 599599.7271262823, 615650.8193574368, 600387.7817015946, 583906.6964924133, 584280.8531676156, 588957.0896096971, 599048.0130106092, 575833.6895739837, 572751.552025255, 600212.2423496513, 630748.6542459304, 585218.2443586098, 604353.9406685443, 597128.1813907049, 610840.2927052628, 601275.0060465462, 606786.4757457995, 602503.4009669122, 623493.5815797095, 606075.2414125081, 572755.3632486083, 595771.0966252608, 598077.1237405763, 603356.8734938365, 599618.8650844311, 599707.3503251105, 570963.4805486272, 594123.7853369343, 573413.0969986883, 615265.9609509778, 609517.4757241664, 594826.0029894907, 593607.8864196761, 612287.4269269843, 562378.7216236434, 598779.516936442, 592890.6343739905, 593127.5610853032, 599540.723427217, 607686.5432406826, 586119.0298891074, 586949.6408487395, 591400.3412504699, 599600.1420248335, 559435.4016266611, 573119.6084468297, 592569.4735557751, 591191.9570724518, 609004.5758511189, 621897.6183570935, 602531.5319034529, 599005.1536413531, 603726.8742308829, 610227.2222902572, 599948.971098399, 591126.822290287, 597113.8550525908, 577791.2424885072, 603982.9617380637, 595150.1117487474, 605840.5100585268, 591380.8253093294, 580528.7017112849, 607785.2375742754, 616900.0245758857, 590481.1807265187, 599927.2371267282, 586573.6005175178, 596887.5007951189, 605962.5250231003, 631242.6490143469, 581984.5607162851, 585113.232059547, 596997.5336223728, 609580.8370343547, 592896.1128232772, 566870.7077932118, 625946.5658039587, 578554.3772735202, 582465.0657148695, 602586.6068195782, 635491.0988465776, 592609.3568425382, 581626.3295805095, 582023.349835817, 568261.3490387122, 596604.2924690237, 602487.2896826015, 606913.5722245913, 571299.7021841989, 604783.60248969, 577601.6292558179]
442 linear 0.1
[771285.96837642 771305.46529639 771282.08039331 ... 647528.60197596
 647155.42260424 646814.22981407]
The costs of all minima of these simulations are:  [669402.3223947234, 642785.3734024545, 655134.970902488, 654216.3708972179, 646677.0045700198, 651711.9298975121, 635927.1242059865, 657630.8413443476, 645092.4184956808, 633524.2063843958, 642825.0561668347, 642397.9483743774, 664414.7763711053, 641289.1185717998, 648082.2317860338, 637575.4308337845, 645750.5855670711, 642571.5873226199, 654222.2794813348, 652910.1669553061, 621832.7712601096, 653002.2161786495, 636601.5175919408, 640733.6424329989, 626756.7485416495, 640387.1662489702, 660770.7073129468, 639931.2753549982, 672663.096898081, 652285.5178215323, 644780.5695317067, 636754.3970809851, 626163.2077600779, 645659.0622526807, 629103.5238587313, 638105.0238237105, 660294.4660923119, 647837.1854930867, 653354.1495706788, 633288.2312271367, 652433.3508674189, 657654.3883195348, 656040.1163652631, 626869.8921841288, 632473.4496073754, 634060.1753079151, 632539.8356894213, 648440.4174647705, 659328.0486452453, 662421.357166614, 645829.8117123994, 636200.8935084875, 649763.3613826642, 648968.3206391234, 641760.0701265926, 666348.3110845371, 644274.6615932398, 670198.7215341891, 649563.9276262587, 652725.1805051572, 648585.482725166, 622536.7037133586, 644111.4908923798, 630951.9318852269, 664423.9143296365, 659059.72687833, 651982.0638334474, 628051.890363957, 650759.791031514, 636470.6240973098, 652395.1506682076, 649723.8774881904, 637359.9674653014, 664192.8534536806, 655757.9135192842, 637041.4938285624, 650178.4254737993, 640632.3996238415, 654244.9989873286, 644236.5112211287, 636510.4576976127, 631460.5085564796, 668230.4121747857, 639699.382163893, 661087.4055065784, 658765.1454619825, 631340.4991474123, 650029.4003391865, 651545.4391246005, 634799.0346564413, 634312.4278168122, 658751.1959632945, 656712.3418586439, 653374.3705549963, 658042.9656901979, 655307.9497471574, 634711.0022223556, 645328.0930016394, 667524.7969999695, 638848.0746014095]
442 linear 0.5
[773610.7089252  773379.27476704 773531.3743035  ... 721904.53380136
 721532.95419722 721149.55212672]
The costs of all minima of these simulations are:  [734293.761291958, 720408.0308057145, 723879.911808228, 728907.7653845042, 726332.8665945053, 722623.3182595571, 712753.3789251929, 732775.9816180278, 691320.2862955082, 707646.7771414237, 708770.5108168485, 689440.5689429364, 726532.2542382523, 727415.261877079, 735035.2381516573, 726223.3140440736, 728650.2250243003, 717398.8364923681, 712482.1369537954, 695104.0738741803, 714936.5493964676, 706991.5737790683, 696618.563935661, 717996.0565513836, 733032.5430640145, 707063.9456467993, 733750.5150801433, 702844.6407295783, 727658.5196137545, 717155.3780087235, 723849.5244836758, 710658.470706274, 711396.6547850871, 718258.9094492395, 707736.9965212536, 723461.4238760243, 729566.8435213728, 728848.7157740501, 709515.5197628841, 724240.9543602784, 720779.3563391193, 719300.4208527616, 716497.1875962632, 707174.2713538022, 719465.5069874346, 714659.7907135488, 691028.1986347402, 731809.2220881061, 720422.4365522364, 705196.1083224391, 718996.719401677, 715813.0790378563, 713734.9260024603, 722685.3450804999, 737851.171252949, 723619.2880707034, 714861.2535872667, 726353.299256923, 721559.2827245984, 720096.1006567124, 727315.2741770822, 720458.7172897856, 726130.8190631443, 705793.2563284871, 719000.2424473987, 720984.8593093641, 719205.5528616108, 726804.4150603005, 728019.9930507363, 709735.1769366892, 716832.1365458706, 715269.3633054876, 701994.004296386, 703131.3926992936, 719153.0051600477, 717922.7455046601, 716548.5023488271, 732349.7535999091, 705640.0358706125, 722237.2779268235, 723125.9566368114, 684059.8492296998, 702728.1993476218, 712196.2676437673, 714391.9153277995, 696036.79512162, 711944.6979076434, 711584.326868611, 729484.3788767435, 724110.076366709, 707820.8783620835, 711710.7174795604, 716259.9557641464, 707790.433303234, 720778.6364379218, 721537.0861440295, 736227.1457915423, 721421.9437364307, 726425.2191916712, 696801.9043526829]
442 quadratic 0.005
[773354.73627506 773126.02125328 772927.98970013 ... 284514.543731
 284449.59527893 284404.16912009]
The costs of all minima of these simulations are:  [304070.4565633257, 288849.66196828126, 280634.9222129673, 272398.45211186784, 290919.47487836884, 289104.66719564825, 290102.3334380109, 287734.4651658378, 277149.1266877027, 286098.5243511525, 278272.4129388402, 286380.6873416776, 290146.27679031785, 294425.3404924924, 302155.46665470157, 288565.03461302735, 290937.36569844664, 286532.5673521841, 288378.113805967, 284055.6902302132, 286799.2970315575, 282598.10554250394, 283523.2039332867, 276407.76859144063, 289872.73724260466, 281590.499175849, 280543.7690828666, 274696.87558298575, 265717.9100440564, 290494.48764277727, 274053.67703483097, 285910.4595016653, 285095.1221512927, 296807.067142639, 282987.7430848828, 281972.5649294403, 276841.3862282976, 300095.2267940503, 291061.2150753394, 282170.45248614426, 279515.6522303501, 301182.69017352007, 277224.3109056974, 262355.61395023507, 281917.83687663346, 276751.3508430857, 291497.38244477665, 278055.5444509694, 285235.7102711557, 282192.4174954109, 282111.28715362254, 281195.2850917214, 287286.2313072092, 278455.91163044627, 289759.007329267, 280689.54023921187, 283582.58903737663, 290371.9578652613, 282562.8619856278, 291174.7107758145, 279986.216713885, 274149.925253689, 282642.24406994606, 284115.42262560787, 275815.1323247814, 289584.84207519644, 285555.21328360355, 291086.6198997692, 278945.7775983554, 283295.43164188846, 290630.31053105515, 284479.48647100816, 281880.0652428967, 272453.67373634217, 290997.61209354876, 284880.5808903184, 281374.38915565854, 273617.2933266464, 283457.13371154206, 284126.2810595368, 283930.53813202865, 282132.9922602827, 285415.855518732, 285514.43383584294, 285908.3012194538, 271120.78273725434, 293398.40504204173, 291896.6849412086, 286508.2529510494, 270374.1516262694, 293657.65711255476, 285140.10955135745, 293768.7780809525, 292381.1343941649, 282916.836758066, 279443.78031065146, 288115.8409878689, 285810.52255440055, 285527.329813493, 275112.3716292988]
442 quadratic 0.01
[772134.62791373 772135.63061092 771749.22370422 ... 318164.20969033
 318122.73516308 318036.72973454]
The costs of all minima of these simulations are:  [317457.77581450547, 305412.78281101305, 314582.7396060209, 315334.53266249184, 319233.570573981, 311544.37193848565, 328629.2820633615, 322664.074644083, 304489.5631644766, 319940.3855080112, 318871.8813150765, 324666.45709545613, 320783.2681184948, 327783.5373590615, 319987.9896305799, 316638.59552704776, 316343.59260675963, 310435.48611691885, 318984.71948942635, 321448.99307200935, 320061.7929188235, 320497.49644237675, 315056.95248241693, 320177.01957955427, 321777.1439322123, 321146.8708661078, 335388.6559012427, 304759.2679261954, 303989.9722871089, 306333.38984981755, 315146.3753226216, 330318.3907628113, 322837.590086649, 315652.25385433604, 331284.70592040126, 331113.3540383077, 310037.65022928396, 322822.5647322038, 313282.31361833366, 321416.7962186149, 331705.1860399977, 331772.0530512732, 324005.69831968186, 330424.87491747417, 311288.1747145759, 317481.89686448674, 343995.3226187584, 320610.70861587004, 309943.87158074294, 306620.14186297136, 318775.325965921, 317401.4589015561, 332143.088177183, 318777.5195621624, 317076.94477283896, 318538.3010407493, 321736.84683833, 327529.61680576013, 313149.8264991316, 315172.58618841396, 303229.1388244511, 323478.5196180265, 321963.9098120211, 322011.3477391548, 316662.2820161613, 319579.4816731111, 308182.4987848229, 317101.09188673657, 306238.1165244011, 315991.60774336214, 315622.50383888616, 309044.7434177023, 292862.52275354165, 317240.5696274876, 315794.7882480428, 313397.7283306862, 326273.79048006696, 325161.24905824626, 323370.50204704364, 302314.77376648603, 313288.0863886774, 320549.11412156787, 321451.35678359173, 328079.1235143622, 309682.47435159824, 310655.1756621556, 316540.64156933315, 301715.9566739676, 318756.4737200924, 327493.99715582794, 320903.91679427814, 303707.63921978936, 318073.406723491, 313127.8530336616, 332592.42766281374, 315861.2096889055, 318964.91048235935, 319792.5753719538, 313771.006340876, 316660.8625797928]
442 quadratic 0.05
[769752.57202766 769850.56321398 770054.53997867 ... 411625.15243539
 411530.22296478 411432.64072404]
The costs of all minima of these simulations are:  [402687.5858800623, 421948.0083404274, 418569.29418065154, 396236.59561097895, 435477.56757601275, 414445.55186469667, 400542.4926344822, 415575.6117376033, 412879.24704290176, 426095.71026964404, 419478.69355768873, 402298.39160651504, 402844.69315355615, 404423.4158790655, 394075.12282734836, 402266.57502259046, 411814.0502363577, 414105.23172761593, 412542.4235266125, 417394.12427316594, 403289.54464374686, 414014.84626635053, 410592.87539014017, 423844.3504872831, 427118.94243297883, 407899.98226766055, 408065.84513368324, 405898.77593188063, 416723.78714960086, 419092.52580199396, 395490.3916733027, 414391.159942868, 417952.237047662, 415994.31942025287, 411227.6592770147, 407857.7589388473, 416129.44448398054, 419953.57825836795, 411853.5201594001, 420020.75440273935, 405403.85197936953, 425624.6048728483, 416077.42338062084, 421948.3764080777, 421189.6958774631, 416862.1217274499, 416811.6652861252, 398991.18802634877, 404740.49561892665, 395308.6407447424, 418256.224148621, 415511.8715698756, 414602.19570274965, 397140.11170875025, 395460.5574932558, 423579.39809995925, 407862.6420890718, 400359.9447689995, 418798.4772867531, 411597.8316466911, 419260.7255696189, 411135.48617423367, 387437.6991418164, 416503.17651911214, 421306.2993762746, 407184.2164136289, 397751.41916490206, 418890.48942355876, 400025.06058647705, 408131.03993827524, 410315.1138830937, 416039.08952355414, 413092.709647388, 403619.4257004398, 413285.7004964159, 412027.26265242486, 415048.59936174616, 416387.6249829783, 406084.62705852045, 405756.98431888846, 401281.571251078, 398915.58999506925, 412941.5294752896, 404157.50781089655, 408951.3764300333, 398954.36884625314, 434476.2788725899, 417996.84212780657, 422464.0932557786, 398622.97887289984, 415242.592145938, 416334.6248354032, 401248.66574770113, 417916.79929452064, 385915.18849681626, 438141.8727691006, 399221.55671017064, 425015.1641273678, 407695.29766927904, 419247.41924221854]
442 quadratic 0.1
[772023.92909605 772045.5195716  772004.28684669 ... 453947.75683207
 453851.17826051 453794.87746586]
The costs of all minima of these simulations are:  [477676.9199165223, 464715.30039646284, 458092.6469106048, 435211.72342821537, 458598.7455423118, 478598.1865375284, 447023.2459801537, 427811.8547667108, 468750.4630830205, 458222.195856509, 469712.14708367886, 447358.9131031382, 447894.6926692125, 461023.99588234135, 437273.6866412737, 448728.06451029476, 438497.87937287125, 466584.74200717534, 453682.9844675962, 466642.66496543115, 418745.32799365185, 447661.9868393741, 440842.2598449844, 459326.00405270944, 457010.86343494954, 443812.1420645218, 448014.96093371557, 461363.0370062423, 449500.14754315553, 434805.32845703134, 443961.2927061672, 460233.2403188045, 427535.6286370677, 443712.6227786545, 455694.7649713162, 461004.92740017246, 462707.4570798507, 447740.4148042533, 441275.13404093165, 470192.0258085181, 463456.0531144924, 459693.7603727832, 447368.54186915903, 471454.61589407775, 437443.183980623, 450742.069750656, 433554.6081547183, 461680.93719055684, 435004.4320373156, 445181.66094081994, 478610.33095639606, 452018.74337641906, 451347.70284482546, 453744.39243742713, 449609.43639526033, 473544.09615766833, 449630.8427320256, 447408.3622367198, 444793.77230798523, 445811.2226950702, 451746.916648298, 461029.60667554935, 455001.38622012094, 434896.42804867204, 438666.47372383735, 462602.2542510575, 451388.4104816075, 463042.11884770455, 450520.2728141214, 463475.87660437013, 457616.6480288125, 447299.8630759971, 467937.25981674227, 461256.03377346933, 457370.74643029197, 442159.5955047781, 458330.9003964066, 465754.61540283647, 462513.653635443, 453456.80930863146, 463137.9273450114, 454343.71080020117, 463593.4398031943, 493008.3081859641, 450509.5032460434, 453664.62341762974, 450115.7477062331, 463617.5838187816, 454706.6234719687, 458106.2524574469, 459711.0585665499, 454609.4923880131, 457283.2682388012, 439607.7085342453, 486200.3239536337, 441269.04220551305, 449842.594954914, 453524.2713447419, 426918.6737132341, 460312.3374630682]
442 quadratic 0.5
[772653.90818521 772740.60521417 772935.8307231  ... 547716.91815304
 547403.68255815 547237.62072963]
The costs of all minima of these simulations are:  [528656.0911720262, 566040.6321550707, 542704.7158550954, 551256.0036576188, 543302.7338193507, 523638.39740439894, 571678.8994625439, 549748.1050337761, 569976.7790606623, 553796.7358220367, 550422.2816761627, 531144.1158336556, 550951.97396939, 542328.950573822, 524888.69539462, 548111.5850063856, 551145.9111717689, 539029.6679972614, 551146.1702380005, 568243.0389321864, 544391.5677928813, 543672.9733028273, 520342.89296117093, 529235.2527446848, 538379.9031150151, 547624.8027651702, 532312.3693876005, 562946.5079197468, 549409.944716271, 524068.4555932709, 577902.0841621208, 545144.7740745012, 548954.2926127184, 535547.6022359644, 541839.6890866146, 550586.8248154405, 534838.17728697, 541528.5168085621, 561367.7209834983, 553877.7524237254, 541246.0733800395, 569460.2893654553, 552416.5275814395, 553649.0003864559, 548164.8354485516, 536518.7008640753, 554120.1396448144, 559058.084093469, 542457.1594303296, 567451.8217301302, 551092.154415789, 540676.4626931065, 537610.1447298522, 528066.5882220536, 559143.9876710979, 544252.6553658408, 539759.2384162017, 549812.2368619923, 565248.6682642011, 537092.0415405147, 538562.553956183, 559269.8939606904, 549656.1260546336, 525583.2412355469, 566657.0825879496, 548491.1740798675, 547695.4176499944, 545038.797619424, 555354.0855546546, 538268.7357291061, 563638.9594587717, 559221.6913707958, 540484.1282923007, 520392.2417691298, 547824.1663984839, 523032.9337230611, 553400.5286390577, 555036.0727370626, 554165.8785479553, 553420.3092450475, 553947.6705549831, 538589.8629008144, 551117.2592033157, 554496.430225638, 537821.1393316016, 543200.8875184943, 549082.7994286384, 547262.780364724, 551991.237835661, 539421.1923874052, 560858.2149980079, 529203.5787654808, 544504.2705266485, 531421.03039496, 545433.3124695766, 563088.3868688631, 556390.7693863385, 541207.2292302453, 551726.7134935919, 568322.8893380377]
